6.825878285099999943e-01
8.233693718200000289e-01
7.834192062500000553e-01
7.496219140000000003e-01
7.116623018300000103e-01
5.033564002599999476e-01
7.477513032300000528e-01
7.274645272499999926e-01
7.814700566200000198e-01
8.913335265499999771e-01
7.890942420900000087e-01
8.258720498299999546e-01
8.877459979599999773e-01
7.856503002400000435e-01
8.491141260600000296e-01
8.259424053499999641e-01
6.580760835200000214e-01
7.761363728200000311e-01
8.272932292900000428e-01
8.546149169100000220e-01
8.696460900200000399e-01
8.147235940899999473e-01
5.733322036200000360e-01
7.151340316900000049e-01
8.092785159700000008e-01
8.409739082599999582e-01
7.512119037800000232e-01
6.706553622499999978e-01
8.821223534100000041e-01
7.715498365999999830e-01
6.279393425399999451e-01
7.009639571200000363e-01
7.332758107000000303e-01
8.658484988400000359e-01
8.880142546799999481e-01
8.960346814599999821e-01
8.029453280699999640e-01
8.049695062099999632e-01
7.195461390499999776e-01
8.209195701300000536e-01
6.491745169100000545e-01
8.213239043800000250e-01
8.060487405299999741e-01
7.996752660599999452e-01
7.995458458599999929e-01
9.018368528800000394e-01
8.536524848700000057e-01
7.600625168500000362e-01
6.269952936599999527e-01
7.355294889600000330e-01
9.294122037900000022e-01
5.424722570600000182e-01
5.191238497200000301e-01
8.830541892400000092e-01
8.525969887100000033e-01
8.429841441400000024e-01
8.011334674200000228e-01
7.937202075399999446e-01
7.619061431400000473e-01
7.636671998899999814e-01
6.304942211499999782e-01
5.126126892600000318e-01
7.305260086799999497e-01
6.774240857300000140e-01
6.196926082100000510e-01
7.774326175000000338e-01
7.559687880900000101e-01
8.546771457499999780e-01
7.379777427999999473e-01
7.839416336900000282e-01
7.672105888400000406e-01
5.031283470499999799e-01
5.919783962400000377e-01
7.580563092900000077e-01
8.449412230699999693e-01
7.545017143700000206e-01
8.107418927199999681e-01
8.399535391000000351e-01
7.755899629900000480e-01
6.147518697699999590e-01
6.384809286399999451e-01
9.047973287199999604e-01
8.824486218499999479e-01
7.553373020100000446e-01
8.511970516600000369e-01
7.929398284899999982e-01
6.780446170899999681e-01
7.734799384799999622e-01
7.332636128299999667e-01
9.037856156000000363e-01
8.516325984599999455e-01
7.790782087099999975e-01
7.030397460799999720e-01
8.521837746799999502e-01
8.354535578999999768e-01
8.537546297500000492e-01
7.650090943399999732e-01
8.612745324399999625e-01
7.692074595100000245e-01
6.338350019999999807e-01
7.772526921700000369e-01
7.982919759100000068e-01
7.901722140600000444e-01
7.581508863700000544e-01
6.675282549300000090e-01
8.915756442600000220e-01
6.786018620499999487e-01
6.823596726799999734e-01
8.104920893499999446e-01
8.688198510200000335e-01
8.409442812199999784e-01
7.225603375300000408e-01
7.604298738900000521e-01
7.311152264300000425e-01
7.261591993899999542e-01
8.113524251999999493e-01
5.582432857000000359e-01
7.323374275099999720e-01
8.773447825800000377e-01
8.052338077099999714e-01
8.756427043100000196e-01
7.729788161499999699e-01
6.734581306400000411e-01
7.919175751999999457e-01
6.826998922000000469e-01
7.545355196399999853e-01
8.205438350399999470e-01
7.756909041499999713e-01
8.650128454200000094e-01
8.228776799999999447e-01
8.507817190399999951e-01
8.682852813800000513e-01
6.442417605800000446e-01
8.069266388600000450e-01
5.580720924400000005e-01
7.937932492699999454e-01
8.684589816100000137e-01
8.864177146099999627e-01
9.079368905600000428e-01
4.125879746200000198e-01
6.552384453899999794e-01
8.260290759699999708e-01
9.034290781499999534e-01
8.244917562800000432e-01
7.067972668999999986e-01
6.871643112699999945e-01
7.203062753900000281e-01
8.328434652799999727e-01
8.704873263000000305e-01
8.102083109200000077e-01
8.479994488900000071e-01
7.252447833199999749e-01
7.440284767100000529e-01
5.318592894000000459e-01
8.013094024100000379e-01
8.127210520700000052e-01
6.903052749300000457e-01
6.017502508099999980e-01
7.771184612599999486e-01
8.191636652399999496e-01
8.969689098699999974e-01
8.070830750999999914e-01
7.055325443600000135e-01
8.837984718100000414e-01
8.975180468700000302e-01
7.307621894800000462e-01
8.758542251800000011e-01
8.249853487199999558e-01
6.301895767099999768e-01
6.749054733799999539e-01
7.843798448000000034e-01
4.379572542999999873e-01
7.109621298299999559e-01
7.871467303000000415e-01
8.177483382200000372e-01
7.626657067200000029e-01
8.651259540300000328e-01
7.971922167799999626e-01
7.989212191400000274e-01
8.768911679199999920e-01
7.516747392300000552e-01
8.306068874900000010e-01
6.943277164100000176e-01
8.862634994700000490e-01
5.618067987599999480e-01
7.143916872700000198e-01
8.139859560400000138e-01
8.210441608499999822e-01
8.306221095800000453e-01
8.041575509899999696e-01
9.077323325999999692e-01
4.825380521700000092e-01
6.887302801800000429e-01
8.564202132299999493e-01
8.004186207800000341e-01
8.858024430900000024e-01
9.080837631499999452e-01
7.790314278000000092e-01
6.892335405399999670e-01
8.399425071399999609e-01
7.602164749299999968e-01
7.214270918299999780e-01
8.663324400699999872e-01
8.460149568899999473e-01
8.976556715200000314e-01
7.418694040200000117e-01
6.005723801300000275e-01
8.141178705099999524e-01
9.176786842499999874e-01
7.656908461300000468e-01
5.440913806299999544e-01
7.492074670499999645e-01
7.463613094300000084e-01
6.914438201999999478e-01
7.881301543800000031e-01
8.879431740600000067e-01
8.519088056200000425e-01
7.235382866199999707e-01
7.888132340000000298e-01
5.444203380100000045e-01
8.956989590499999654e-01
5.921011412900000215e-01
7.193983651599999973e-01
8.027102000300000428e-01
6.251091615199999563e-01
7.479804848300000142e-01
5.551082984899999850e-01
8.350868581699999460e-01
6.126232277399999981e-01
6.030832720700000094e-01
7.548100422000000309e-01
8.858356641800000375e-01
8.861394535300000097e-01
9.024076332399999512e-01
8.405805600900000396e-01
7.601337160200000165e-01
8.047852064999999611e-01
7.455259700099999831e-01
8.127781577099999488e-01
8.030293834699999689e-01
5.370317570199999446e-01
7.038452003199999751e-01
8.951909244600000370e-01
6.792537685699999717e-01
8.199141983200000094e-01
8.631389998399999763e-01
7.485272898200000524e-01
5.719843935099999666e-01
8.583471066800000271e-01
7.015154793300000247e-01
4.701517559599999729e-01
7.959499784200000372e-01
7.673849545199999955e-01
8.321783512299999463e-01
6.400622771399999689e-01
7.862890402400000145e-01
8.757252136500000006e-01
8.517650361899999911e-01
7.830437442300000050e-01
8.113112095200000207e-01
7.366129611599999683e-01
8.535518345999999479e-01
6.041961143999999839e-01
7.839906675100000166e-01
4.938951895500000022e-01
8.204460530799999596e-01
6.006134360599999500e-01
7.242951683299999610e-01
7.550003875399999842e-01
7.743479611100000382e-01
7.722516755499999608e-01
9.032898673200000506e-01
7.676333195400000253e-01
4.552816391200000257e-01
6.939986352500000510e-01
8.285863123600000213e-01
5.408177645799999711e-01
5.729120471499999923e-01
5.058440700699999848e-01
7.690494482399999887e-01
5.753608874400000239e-01
8.530411991299999830e-01
7.726101151599999994e-01
6.954497331100000235e-01
8.840275594700000017e-01
7.923752736400000440e-01
8.021227032800000156e-01
8.645510537799999673e-01
8.204654254600000085e-01
8.723199486399999536e-01
5.885849403299999727e-01
7.861566753199999980e-01
9.159661152200000434e-01
9.083843312599999553e-01
6.677922250700000228e-01
6.482087054099999746e-01
7.857430728900000050e-01
7.770125850900000408e-01
6.490773510299999716e-01
8.763841090299999692e-01
8.868742396500000069e-01
8.607288247600000108e-01
7.938659745999999684e-01
7.526362008400000470e-01
7.885359558100000221e-01
7.685367552599999819e-01
7.684248137600000472e-01
7.112301766699999916e-01
8.396333733299999880e-01
8.092130231899999915e-01
4.755090468500000056e-01
5.199033066799999547e-01
6.487969412099999778e-01
8.250386482299999491e-01
7.730484925899999693e-01
8.912272557100000547e-01
7.780944227499999588e-01
8.728371401100000204e-01
5.030909783500000509e-01
7.454077154499999525e-01
8.322647828600000519e-01
6.956251233500000408e-01
6.437106312700000554e-01
8.085127067599999773e-01
7.351855625600000055e-01
8.741999181599999780e-01
6.716871864300000272e-01
7.758561862299999667e-01
7.707227012499999752e-01
8.346264488300000339e-01
8.316474877199999671e-01
8.072728162800000273e-01
6.617868695099999865e-01
8.215742261299999738e-01
7.922322383100000032e-01
8.653706324900000135e-01
7.964355321399999577e-01
8.434623805600000024e-01
7.088608552799999796e-01
7.740621393200000089e-01
4.603666554999999994e-01
7.419311220900000059e-01
4.467290516999999905e-01
7.064787260399999491e-01
7.495448360699999979e-01
7.493645464699999481e-01
8.035431707900000387e-01
8.015569978200000056e-01
7.312369252799999497e-01
8.580029932199999543e-01
8.177057433100000106e-01
7.969603786600000239e-01
8.159102906999999849e-01
5.762222323300000282e-01
6.772702120400000414e-01
7.159337770100000498e-01
8.420422930099999981e-01
8.327174951900000455e-01
8.029197215100000173e-01
7.803051640699999458e-01
7.739782958800000001e-01
8.873985990399999579e-01
7.900737094399999938e-01
8.325449419599999512e-01
8.887192454500000283e-01
8.062405952800000275e-01
5.754757135400000445e-01
8.332315889400000453e-01
9.014472577000000042e-01
8.358691617100000304e-01
8.559645428600000105e-01
6.259181374900000261e-01
8.154192912700000129e-01
8.083532272100000249e-01
7.390419651999999839e-01
7.195956791600000013e-01
7.913182779999999861e-01
7.721470622099999570e-01
8.923283318600000458e-01
8.079362086800000453e-01
8.876381353000000196e-01
6.514516178500000532e-01
6.796806803599999558e-01
7.599938398600000200e-01
5.083526214600000426e-01
7.171651660300000231e-01
7.628563055200000553e-01
7.178013495099999641e-01
6.298283761899999833e-01
7.843974766700000378e-01
8.601003886100000440e-01
4.907750781399999873e-01
6.286156052700000441e-01
7.970908759000000510e-01
7.672378093099999630e-01
7.648934620899999759e-01
7.466447776400000347e-01
8.816271864800000468e-01
7.979189398099999497e-01
8.780242828100000008e-01
7.423109263799999580e-01
7.113251411300000049e-01
7.946157493300000096e-01
8.824119134900000327e-01
8.256518846799999478e-01
6.728325578899999604e-01
5.227034567699999634e-01
7.370495919999999757e-01
8.015805417800000443e-01
8.447364295100000531e-01
6.574627737099999480e-01
7.128092711900000378e-01
7.891369285499999497e-01
5.495079882900000268e-01
8.960060777399999621e-01
8.207986286999999770e-01
7.968465556599999555e-01
8.650765616200000174e-01
9.304765278400000117e-01
8.400756114099999783e-01
4.402524362999999941e-01
6.992281890599999494e-01
5.160497165199999792e-01
7.552094831500000272e-01
7.982294329800000421e-01
7.492016345399999944e-01
6.502517687400000135e-01
7.866306945100000059e-01
5.566631090600000498e-01
4.474000123099999837e-01
5.704841750200000394e-01
8.421215420400000040e-01
8.771038435000000355e-01
7.375609333599999484e-01
6.442819024200000522e-01
6.597293270999999848e-01
5.147887902200000143e-01
7.316020001699999886e-01
7.712348299500000337e-01
8.249953701300000164e-01
8.213871917399999667e-01
8.041051794500000405e-01
6.980468232300000020e-01
7.030726661299999680e-01
5.663936310999999613e-01
3.870761005300000224e-01
8.557605756899999694e-01
8.876172882499999695e-01
9.231968000500000437e-01
8.044485965600000066e-01
7.736191814299999692e-01
8.549980100599999799e-01
8.119562553400000438e-01
5.964378206599999510e-01
8.141250568200000259e-01
8.847884155499999848e-01
7.712052196399999948e-01
7.704713610500000254e-01
7.906773693599999930e-01
8.887304085799999642e-01
8.754869678700000213e-01
7.479841521000000215e-01
7.944161179099999970e-01
8.556571139099999890e-01
7.871371942199999472e-01
6.537965982700000289e-01
7.433341497800000086e-01
7.972373141299999855e-01
6.193388746200000350e-01
5.959580258900000205e-01
8.067945083399999939e-01
8.176983560999999678e-01
8.344751230000000408e-01
8.305185103500000166e-01
7.038000097800000132e-01
8.294687873199999562e-01
7.957336678199999902e-01
5.450785803300000065e-01
8.776333133999999481e-01
8.225221742399999592e-01
7.074878425999999720e-01
8.228753515600000235e-01
7.480420271100000074e-01
7.838273084400000368e-01
8.013376023399999548e-01
7.760369379599999506e-01
8.109149673100000122e-01
7.508822335400000547e-01
7.548977494899999918e-01
7.837711845000000510e-01
6.690454918399999507e-01
7.366645588200000372e-01
6.957934443000000080e-01
8.282512757400000147e-01
8.433563998599999945e-01
8.882121887099999613e-01
8.693812504800000340e-01
5.161568186899999633e-01
7.923727840900000041e-01
5.957179835900000553e-01
8.058520735999999962e-01
8.268532453400000426e-01
8.352340446999999557e-01
8.788145643900000525e-01
6.599556248200000308e-01
7.660921935100000191e-01
8.017946110500000501e-01
8.033628625400000001e-01
7.767491600200000512e-01
7.785107600999999766e-01
7.230488245699999705e-01
7.829732810699999712e-01
7.393242164400000149e-01
7.792454212299999572e-01
8.349475016199999766e-01
7.963379559900000126e-01
6.542082606700000413e-01
7.719113192900000087e-01
7.247137251999999918e-01
7.930738952500000494e-01
8.406252738799999680e-01
7.385077639799999538e-01
6.611133905599999583e-01
8.018753389499999606e-01
8.486345558500000275e-01
9.039154607499999550e-01
7.707232718099999991e-01
6.127745974499999582e-01
8.618422473400000339e-01
8.089693672500000154e-01
5.946819670699999838e-01
8.981172335799999518e-01
7.572556839399999795e-01
7.626837413100000518e-01
9.141538020099999606e-01
8.552822393000000245e-01
7.128679565300000132e-01
8.736777806800000157e-01
6.705921022799999909e-01
8.380043147000000303e-01
7.040089952000000428e-01
8.823759397299999474e-01
6.981583047499999584e-01
8.418487788799999816e-01
8.906970188699999680e-01
7.888504958199999972e-01
7.157835843500000017e-01
6.811643448799999945e-01
8.437991749700000099e-01
7.751443805100000084e-01
6.601949689399999599e-01
6.429711100299999593e-01
8.034333269200000238e-01
7.499258483899999828e-01
8.425237126600000348e-01
7.144304228100000209e-01
5.287583862300000437e-01
8.034044933899999741e-01
7.126681344299999887e-01
6.445044328500000308e-01
8.189196349899999783e-01
8.912517535299999683e-01
7.590500333499999863e-01
7.970603438300000176e-01
6.421110753500000046e-01
4.394611865799999961e-01
6.340706541999999724e-01
7.573222283899999629e-01
8.722677160899999782e-01
7.715928682199999500e-01
8.024096616500000501e-01
8.452709871200000391e-01
8.609103673200000362e-01
3.960993374199999750e-01
8.063789010899999887e-01
7.862456455499999830e-01
6.574501410799999945e-01
8.052381010700000452e-01
7.519210991200000471e-01
6.657499374199999931e-01
6.315626191600000050e-01
7.972659262300000327e-01
9.051775191399999976e-01
6.278855446100000126e-01
8.128533807700000224e-01
6.603158544599999624e-01
8.267578003500000161e-01
8.772581299099999619e-01
8.120818509199999591e-01
8.356115474399999909e-01
7.492020571399999884e-01
6.214102135900000379e-01
4.122027023600000062e-01
4.816418755399999863e-01
7.233950525700000300e-01
7.647289888299999561e-01
7.234459052199999629e-01
7.693244842699999975e-01
4.701484074400000268e-01
6.450788775200000380e-01
8.422273333199999934e-01
6.733568634000000053e-01
5.592240732700000105e-01
8.823360701100000369e-01
4.436820305299999934e-01
7.534691877900000501e-01
7.031695882099999739e-01
8.663408877899999583e-01
7.027273782099999755e-01
6.608139654900000437e-01
3.842551150699999862e-01
8.176660075799999650e-01
8.633875416399999780e-01
8.676643863399999823e-01
7.197286357900000153e-01
8.133959117900000368e-01
7.126342941500000139e-01
7.808547655899999995e-01
5.719737525600000483e-01
7.991595921799999891e-01
8.051330853200000526e-01
8.026256680800000209e-01
7.489992730000000210e-01
7.939859352100000489e-01
7.707086256499999788e-01
7.888092789899999735e-01
7.831470498000000502e-01
8.377147061199999856e-01
8.171815334699999989e-01
8.784793374899999563e-01
8.719435238099999541e-01
8.111301203099999801e-01
8.378663833999999699e-01
8.112866957400000079e-01
8.345068512700000163e-01
8.096898307800000083e-01
7.981383638400000313e-01
7.605464428899999518e-01
8.012681934199999967e-01
8.862452375899999568e-01
4.935565932300000069e-01
7.686999753200000063e-01
7.024937215100000021e-01
6.770889982900000215e-01
8.755973096400000433e-01
5.110397843299999687e-01
8.590837824999999484e-01
8.893039279300000155e-01
6.838790630500000134e-01
8.828025879899999984e-01
9.147912087299999717e-01
8.745186545299999947e-01
6.303736204900000084e-01
8.550968550599999940e-01
8.677632928499999787e-01
6.839609078099999628e-01
6.075424158700000188e-01
7.801080693799999910e-01
8.735007543599999646e-01
6.205103021200000235e-01
7.027694856899999731e-01
8.432915705200000334e-01
7.867961599899999658e-01
8.946114357300000153e-01
7.545464819999999628e-01
8.959988249600000509e-01
8.601092137100000423e-01
8.464790960800000486e-01
8.193005338200000098e-01
7.018800166499999937e-01
7.614007990100000178e-01
5.737634808599999525e-01
8.908665244500000302e-01
8.077393973499999991e-01
8.162544768499999659e-01
6.763960158199999739e-01
7.568586667700000215e-01
6.925990802799999457e-01
7.154658854200000029e-01
8.136720549699999472e-01
7.625648470900000531e-01
7.662904150399999503e-01
8.308558527999999610e-01
7.382821208900000043e-01
8.710858571599999767e-01
8.931114825299999449e-01
8.279757728000000094e-01
8.614656903999999837e-01
6.973166364599999723e-01
8.080665173500000131e-01
6.559829259199999596e-01
4.558013435800000179e-01
9.195434805800000166e-01
7.557669026200000140e-01
8.428546406600000429e-01
7.795162455299999849e-01
7.559477441699999911e-01
6.936389920200000114e-01
8.579323983400000131e-01
8.494282262200000266e-01
7.915611031200000536e-01
8.077307736300000096e-01
8.868372232800000310e-01
7.835696978899999721e-01
7.749718422500000425e-01
7.402793200499999671e-01
8.633278303000000431e-01
8.697989546200000088e-01
8.095516281500000355e-01
8.728864107899999558e-01
8.005135751299999880e-01
7.853999801300000083e-01
8.562720311100000536e-01
7.345192608399999656e-01
7.633990582399999836e-01
6.087056172300000512e-01
7.856619977900000107e-01
8.441039803000000008e-01
5.870088690600000492e-01
8.662108852000000025e-01
7.105384588900000020e-01
9.010113221800000183e-01
8.683873789599999560e-01
7.941559903799999542e-01
8.982267639400000059e-01
6.836927491099999976e-01
7.985709855200000540e-01
6.534392635000000338e-01
6.003378814700000010e-01
7.553685383099999484e-01
7.876524599499999946e-01
7.366477333099999969e-01
7.575602152799999489e-01
9.109470364299999678e-01
7.784707687499999862e-01
6.925366266200000398e-01
6.346751759600000042e-01
4.375262906299999810e-01
6.153378890499999754e-01
8.699776426299999921e-01
7.417917795399999736e-01
8.255083654999999521e-01
8.637807850199999971e-01
8.973107369199999628e-01
7.541916730200000085e-01
8.370266724299999517e-01
7.161516909699999767e-01
7.553993926600000020e-01
7.751278378899999488e-01
6.620150363800000326e-01
7.936461894999999878e-01
9.014756949900000205e-01
9.142282461099999757e-01
7.076291811299999512e-01
8.288129793399999778e-01
6.264121280200000141e-01
6.714034912699999857e-01
8.559095168000000475e-01
5.056996336600000364e-01
5.573654426299999853e-01
8.392907576300000505e-01
7.486808016099999463e-01
6.005516277600000397e-01
6.969889935799999936e-01
7.651239076900000491e-01
8.299795181700000413e-01
7.037483133999999918e-01
6.720593537400000317e-01
7.241211346200000509e-01
6.911069288700000257e-01
6.518173123899999588e-01
8.374473945499999461e-01
7.628092712399999753e-01
4.290607821699999880e-01
7.984814648200000420e-01
9.002935597300000259e-01
8.203272771999999824e-01
8.478452915199999884e-01
8.928410396100000535e-01
8.246836909100000446e-01
5.859309280700000233e-01
6.334644407799999710e-01
8.317328450500000026e-01
7.868668829899999606e-01
7.574455794200000147e-01
7.828689967999999944e-01
8.360341374599999931e-01
8.982513064599999542e-01
7.863547748400000481e-01
6.540978788400000354e-01
6.582867881899999718e-01
8.750807899200000461e-01
8.307159854900000306e-01
8.321311341899999547e-01
8.060374379700000480e-01
9.111135472100000410e-01
8.849310918599999631e-01
8.360927082300000368e-01
7.072237774099999763e-01
8.451233542799999610e-01
8.002942866400000188e-01
8.044471768500000008e-01
7.064699316500000492e-01
8.008091356500000035e-01
8.831726484199999838e-01
7.529950010200000543e-01
7.349259133700000168e-01
8.619220878900000216e-01
8.014208877099999739e-01
6.850567370900000341e-01
8.875118030799999946e-01
8.161681215699999603e-01
8.193937976799999801e-01
6.574499972299999717e-01
8.186740779000000190e-01
8.175204410799999932e-01
9.053612228299999787e-01
7.879298849300000462e-01
5.107477974999999892e-01
8.702930117999999604e-01
7.485957555500000193e-01
8.897470593299999786e-01
7.972125691700000516e-01
6.943684445100000158e-01
8.758430469400000362e-01
7.854225635499999525e-01
7.613473845599999512e-01
7.525736349799999614e-01
8.581057605199999827e-01
6.366096131299999739e-01
9.007996600700000078e-01
7.624405531800000357e-01
7.995118902700000252e-01
4.081174425699999886e-01
7.744469382599999951e-01
8.498624924400000058e-01
8.363201995900000352e-01
8.365986387399999558e-01
7.935050160900000149e-01
7.580387786300000208e-01
8.173790770300000119e-01
7.965335480899999876e-01
8.005490409900000159e-01
6.299787948899999712e-01
6.705964916300000134e-01
7.784833587699999669e-01
6.951855793400000261e-01
8.083036673600000332e-01
6.226836514000000378e-01
4.916636641700000143e-01
7.741226897299999798e-01
8.968390347600000423e-01
7.564806802200000346e-01
8.823706704299999481e-01
8.422137829300000433e-01
8.267750550800000431e-01
7.408721689899999685e-01
7.843319551399999812e-01
8.317126526300000489e-01
7.903919855900000124e-01
7.774869226699999691e-01
7.931666834099999619e-01
9.001011328600000416e-01
7.892553654699999699e-01
9.141107257699999655e-01
8.832174832800000486e-01
5.867095516000000455e-01
8.809065691099999817e-01
6.843420442200000009e-01
7.262840057999999654e-01
7.564723807000000022e-01
8.485015213900000131e-01
7.619651661599999848e-01
8.205145692799999946e-01
8.287563701200000299e-01
8.937390191999999844e-01
7.781513055600000062e-01
7.748449661599999816e-01
8.285132268299999492e-01
8.163977619000000185e-01
8.451323097199999745e-01
8.204270606600000404e-01
8.896245048799999999e-01
7.647335753999999763e-01
7.539216348399999656e-01
8.133061974099999869e-01
6.892586322100000551e-01
7.813493045299999551e-01
8.522360773099999509e-01
8.504497610100000271e-01
7.120205003199999716e-01
8.905335574899999607e-01
7.547676598000000459e-01
9.015888618799999810e-01
8.249541934299999824e-01
8.330146130100000157e-01
8.643318022100000553e-01
7.646133455000000412e-01
7.724390939599999895e-01
7.369722202799999788e-01
7.638806464399999774e-01
8.214444220700000132e-01
8.453591118400000104e-01
8.162342149700000382e-01
7.612967405999999659e-01
7.027971534000000409e-01
8.074460338400000214e-01
9.108277425699999874e-01
8.290140955999999450e-01
8.538307715899999817e-01
8.731475174099999625e-01
7.955756301299999889e-01
8.490051034200000180e-01
7.404055141800000017e-01
4.719065953700000149e-01
7.802816070900000511e-01
7.425201656500000080e-01
7.403946190800000382e-01
7.635902531399999527e-01
7.915956682400000499e-01
6.365744271800000131e-01
6.238677121700000328e-01
7.578390047799999918e-01
8.884824453399999822e-01
8.378407473700000274e-01
5.275572300799999947e-01
7.031464289400000123e-01
7.769574656100000087e-01
7.997786951899999996e-01
8.094001080899999589e-01
8.705493620399999966e-01
8.061392967999999604e-01
8.181202892800000237e-01
6.326314799600000205e-01
8.719010219899999692e-01
5.311072652499999602e-01
7.280187820300000334e-01
8.104832457599999707e-01
8.038591134800000537e-01
6.865233034200000084e-01
7.564129990200000320e-01
6.834422428699999941e-01
8.570065207300000543e-01
7.767492202100000354e-01
7.982580584699999759e-01
8.072283735299999874e-01
6.613417703299999673e-01
8.080867880100000011e-01
6.833101861200000515e-01
6.608865049100000055e-01
6.355860307899999784e-01
8.202275316699999541e-01
4.122308805700000134e-01
8.205908489600000078e-01
8.105234624999999582e-01
7.719644527200000272e-01
8.275148832299999979e-01
6.991886764600000470e-01
7.943603823999999536e-01
6.979572591799999559e-01
6.959368963399999997e-01
7.741815546300000461e-01
8.807216226499999800e-01
8.552904062399999674e-01
7.142617816299999811e-01
7.070356814999999573e-01
5.910034195300000182e-01
8.885821737400000364e-01
7.667874479299999768e-01
7.582472061599999646e-01
9.019819074499999534e-01
6.892465395600000377e-01
8.589088775400000042e-01
7.648183358700000323e-01
6.819733656399999955e-01
7.778724753700000383e-01
7.402196642199999621e-01
7.821574671700000092e-01
8.726075122599999956e-01
8.560132540899999531e-01
8.548296797600000163e-01
7.932167777599999914e-01
8.543553834999999541e-01
7.474665628700000175e-01
6.926178860399999637e-01
8.071147419699999936e-01
8.092961216799999802e-01
6.216932278500000297e-01
7.843813490500000096e-01
8.684802915299999482e-01
8.631628189500000214e-01
8.699989819800000301e-01
8.630403676800000312e-01
8.208108343100000148e-01
7.892371221999999742e-01
7.824791859999999932e-01
6.204722748500000051e-01
6.486114938400000529e-01
8.956771159399999904e-01
5.200127614399999709e-01
6.956567535500000066e-01
5.811268736500000420e-01
8.880618410699999687e-01
7.292078785700000232e-01
7.593046660900000244e-01
8.934343053800000156e-01
8.497782470000000421e-01
8.199143176500000019e-01
5.375464013399999796e-01
8.828280174699999483e-01
8.067678560000000054e-01
7.542708392700000486e-01
4.894368034900000164e-01
8.495610017400000435e-01
8.916282070800000126e-01
8.686513848800000437e-01
5.275201349500000525e-01
6.748881040899999961e-01
8.890782570199999846e-01
7.937448677799999741e-01
4.811644172599999769e-01
8.770415017299999505e-01
7.845923612399999802e-01
6.641499802400000485e-01
6.893873105900000242e-01
8.593582600300000429e-01
6.433709131799999481e-01
6.797106908700000227e-01
6.612430495800000196e-01
7.003017876299999500e-01
5.598335636000000282e-01
7.974653819900000551e-01
7.259474902100000460e-01
6.708660132000000553e-01
7.069189041000000229e-01
8.522121950000000057e-01
5.606742178700000467e-01
6.718149597000000472e-01
8.571596923800000045e-01
8.564002738499999490e-01
7.701794053299999554e-01
6.965018769399999865e-01
5.211819536899999772e-01
7.633551234900000093e-01
8.947373930899999994e-01
8.549376349499999694e-01
7.599634402699999569e-01
8.089622613700000464e-01
7.747584516000000088e-01
8.782304080099999632e-01
7.880942417599999805e-01
6.553749513400000115e-01
8.811172939300000451e-01
7.226431257500000038e-01
8.469895512599999732e-01
6.602568541900000199e-01
7.338809871200000501e-01
6.481124304800000013e-01
7.613207850100000007e-01
8.078168887500000173e-01
6.779698626500000325e-01
7.566026608200000503e-01
7.358397157299999547e-01
7.204572824299999567e-01
7.925772698599999888e-01
7.402375478199999526e-01
7.833114310100000033e-01
5.338338522900000216e-01
8.582785700499999670e-01
7.911655157600000488e-01
8.600857155000000143e-01
8.352237683500000065e-01
5.207767156300000533e-01
7.529947404400000321e-01
6.580721000500000528e-01
7.627211003899999620e-01
5.265157141999999846e-01
7.613681906200000515e-01
8.219151025199999960e-01
9.202641070999999506e-01
8.348087858099999536e-01
8.457121146499999575e-01
7.640491435599999770e-01
8.344625454599999825e-01
7.623441512299999889e-01
7.745255321299999718e-01
8.593919329800000506e-01
6.873074558499999709e-01
7.298029576600000290e-01
8.375633395399999515e-01
7.967789331700000366e-01
7.048170418400000470e-01
8.276505147399999540e-01
7.591655154199999922e-01
8.994478599999999879e-01
8.543179131100000490e-01
6.821587177900000354e-01
8.189847267500000028e-01
8.051861020999999674e-01
7.937107772799999461e-01
7.020286774699999732e-01
7.870646636300000498e-01
8.185722845699999750e-01
7.086839061199999845e-01
7.693826069900000508e-01
7.513043206999999724e-01
8.799497301399999971e-01
7.805856886099999947e-01
5.709496316700000129e-01
8.307108465900000516e-01
6.078750127299999972e-01
8.207825988000000406e-01
8.559493196699999862e-01
8.201518129299999460e-01
8.402242369700000379e-01
7.886662085000000211e-01
7.948799241299999707e-01
4.027868106099999901e-01
5.969721578400000173e-01
7.068037184600000078e-01
6.205595482400000362e-01
6.969333902000000025e-01
6.303062672200000494e-01
6.686552417700000195e-01
7.015192238599999852e-01
8.626442904100000142e-01
5.816337138399999551e-01
8.707206959500000121e-01
8.943065405200000262e-01
8.036077521500000209e-01
8.357223669000000132e-01
4.901017559299999937e-01
7.794701723000000415e-01
8.445059939300000318e-01
7.944996621300000061e-01
7.910015275499999721e-01
5.057822187099999534e-01
5.163241538399999664e-01
8.506809130300000410e-01
8.160648452500000039e-01
8.284381551999999704e-01
7.971570256400000165e-01
7.757869591899999584e-01
7.742382767700000112e-01
8.746669577100000259e-01
8.270715593799999876e-01
7.961186846000000150e-01
7.816095343000000195e-01
8.717150627399999907e-01
6.985639600199999855e-01
5.738418787500000340e-01
7.013103463900000056e-01
8.942207800100000492e-01
8.611545799700000003e-01
7.588588916699999798e-01
6.377730579000000510e-01
7.697249849499999685e-01
8.780539207099999910e-01
6.800034504899999943e-01
7.583247507600000548e-01
6.857087814500000267e-01
7.490676434099999836e-01
8.920995229799999482e-01
7.552111717299999638e-01
7.828930570000000033e-01
7.619662695100000160e-01
8.253223927799999693e-01
5.301899053299999887e-01
7.989798264099999825e-01
6.656720860799999473e-01
8.497797094000000273e-01
8.920124437499999948e-01
7.758060552500000151e-01
8.038883967500000116e-01
6.907892202900000056e-01
7.626902762799999680e-01
7.521426799599999491e-01
8.705277653699999840e-01
7.142595515099999792e-01
7.172149254999999890e-01
6.162151122100000267e-01
8.160667987999999928e-01
5.553473552500000077e-01
7.218396780200000418e-01
8.470950862299999606e-01
5.976012895600000263e-01
8.031558651100000334e-01
8.219532692800000095e-01
6.605295769800000327e-01
6.752710483299999566e-01
8.526449648799999670e-01
7.627980264200000526e-01
7.711781715700000150e-01
5.329233143699999564e-01
7.683403997200000113e-01
8.036441728800000073e-01
7.726794929100000431e-01
7.020069308499999883e-01
8.432510141300000317e-01
6.414325187499999581e-01
8.357212624700000037e-01
6.280007107899999719e-01
6.349396055599999533e-01
6.994620234299999684e-01
6.978601438100000554e-01
8.222943868900000064e-01
7.720212921200000356e-01
6.206494151300000484e-01
8.743790326600000551e-01
7.804648302500000190e-01
7.282285460799999832e-01
8.302815613599999756e-01
7.522292702899999739e-01
7.795471511099999473e-01
7.065262756500000352e-01
9.052928728400000402e-01
7.405969250399999648e-01
8.979095438099999882e-01
8.932858091800000011e-01
8.112203111600000405e-01
5.788105654699999825e-01
9.038395438699999840e-01
8.643442526200000309e-01
8.568928339000000394e-01
7.392657607499999450e-01
8.850546484400000358e-01
9.149316377899999742e-01
8.400272285300000030e-01
9.086735081600000319e-01
8.261345014099999995e-01
6.591812813399999804e-01
7.171854383000000333e-01
8.829943629199999977e-01
6.098525812799999724e-01
8.541498986500000168e-01
8.107707634399999863e-01
8.681150566199999918e-01
7.848656909700000295e-01
7.374891537700000166e-01
8.411267386499999832e-01
6.688125728899999567e-01
8.788229444899999798e-01
8.087201379799999756e-01
8.026788604400000304e-01
8.065557064699999668e-01
5.833427645100000003e-01
9.080361101899999676e-01
7.640919904499999804e-01
6.874638900299999689e-01
7.965669303300000337e-01
6.390373664999999814e-01
7.287817317600000511e-01
8.216330415699999445e-01
8.570846899499999783e-01
7.777018472700000240e-01
8.809958039399999885e-01
8.356568873299999867e-01
7.630130441800000440e-01
7.454870115499999672e-01
6.254504002099999793e-01
6.697459341899999474e-01
8.233305637100000185e-01
8.578692421100000409e-01
8.034112320099999760e-01
7.792582699800000290e-01
7.274831335400000487e-01
6.983408856099999618e-01
8.429452267500000540e-01
8.976808047700000071e-01
7.796960292100000300e-01
8.123715817100000125e-01
7.189793414999999799e-01
7.520348945000000507e-01
8.733153784699999589e-01
7.625995077499999608e-01
7.846012530599999479e-01
8.726239982200000300e-01
8.702434721699999765e-01
8.246079640100000274e-01
8.900208214999999479e-01
7.621505889299999836e-01
8.710764076800000533e-01
8.192936909100000387e-01
7.320417840699999790e-01
6.894281985800000401e-01
5.591706201599999648e-01
5.370513777300000013e-01
8.239455139400000405e-01
8.408780377800000316e-01
5.844540377700000455e-01
4.341163092700000004e-01
8.741676953300000497e-01
7.327204409299999943e-01
8.229313547200000079e-01
6.157543248200000319e-01
8.305855130000000530e-01
7.400215669799999896e-01
9.256469422599999941e-01
8.439342679100000355e-01
8.020800125799999458e-01
8.004584426999999947e-01
8.464149142300000372e-01
7.593550683299999937e-01
8.512123161200000343e-01
8.288736609400000344e-01
8.505810014900000438e-01
5.103610214299999503e-01
7.410193593799999645e-01
7.889057226200000272e-01
6.658449342800000226e-01
8.544582582599999920e-01
8.019612049300000045e-01
7.930689432799999938e-01
6.808101676400000191e-01
7.686372763300000077e-01
7.494262212300000225e-01
7.942859598300000545e-01
7.971956505999999720e-01
5.658201229999999526e-01
4.570659654900000035e-01
6.391855752599999718e-01
3.916097974100000156e-01
7.464143336799999862e-01
8.862851343300000018e-01
8.710889512099999621e-01
6.198350760099999857e-01
8.517962235699999551e-01
8.258260274499999998e-01
7.354308586100000156e-01
5.048150512700000370e-01
8.808300216300000152e-01
7.306830435600000229e-01
4.632414018600000127e-01
7.907727855099999648e-01
8.727275482899999881e-01
8.069942806300000049e-01
7.211609807600000144e-01
8.848714785400000338e-01
6.533387449999999985e-01
7.951778632499999500e-01
5.462633727600000322e-01
8.338825515500000174e-01
5.707839457400000205e-01
8.703180385300000044e-01
7.859284191199999992e-01
6.457513854099999895e-01
7.468355200799999816e-01
7.865127502900000067e-01
7.516671677799999784e-01
8.791153536000000379e-01
6.406212584699999546e-01
7.900353222799999520e-01
5.175467793300000396e-01
8.700725324600000476e-01
7.961432673799999638e-01
8.882847485299999457e-01
7.667212351200000109e-01
7.749734723800000280e-01
8.072591118199999860e-01
7.895558626899999988e-01
8.573517147600000499e-01
8.469421818200000285e-01
7.462288838599999696e-01
5.188681784999999991e-01
7.865016073399999641e-01
8.145310496500000053e-01
7.715181241799999867e-01
8.979431432900000232e-01
7.714161623599999906e-01
8.894151860800000309e-01
8.600733347800000317e-01
8.966892414399999511e-01
6.934689235600000057e-01
7.960066372099999787e-01
7.716373208700000319e-01
8.577898416000000470e-01
7.037419026300000269e-01
8.100758723100000003e-01
7.778229637000000363e-01
8.379113843500000103e-01
7.267849816600000512e-01
8.830447872000000142e-01
6.174527693200000389e-01
6.323555402099999556e-01
8.518645916199999446e-01
8.670126064800000032e-01
7.092760739400000292e-01
8.568087306399999603e-01
7.790582977400000164e-01
8.175335002900000481e-01
7.917900286700000345e-01
6.626888647799999976e-01
5.452543243199999834e-01
7.963771590299999481e-01
7.202388044999999961e-01
7.968882281500000442e-01
7.718571306699999468e-01
6.132220294500000390e-01
8.309393696500000370e-01
7.734061364600000044e-01
9.153923851399999867e-01
7.223230672899999538e-01
8.111991953299999558e-01
7.190068171400000319e-01
9.049301454400000555e-01
7.477899739800000223e-01
7.826826862500000370e-01
8.769894606300000506e-01
8.857433743499999457e-01
7.465738046100000025e-01
7.756335955199999965e-01
7.950145313199999952e-01
8.332356376599999725e-01
5.724157005600000181e-01
8.455283753700000293e-01
8.792964102900000523e-01
7.139000409200000341e-01
8.894768635499999965e-01
5.469011243100000419e-01
7.407680406800000172e-01
8.925749441800000517e-01
8.877223656199999535e-01
8.530816743200000385e-01
4.706797746299999918e-01
7.096331940400000260e-01
8.443020353300000336e-01
7.083335521600000462e-01
8.176873533099999758e-01
4.960399356099999824e-01
7.264983354999999809e-01
8.017571966700000052e-01
8.982114694399999655e-01
5.962334100799999703e-01
6.685028644399999553e-01
8.617906268699999650e-01
8.744060576800000151e-01
8.883423551700000420e-01
7.923773157100000297e-01
6.701704223200000143e-01
6.455523318200000471e-01
8.360645377700000047e-01
7.549674072199999975e-01
6.653307232599999788e-01
6.612978724100000427e-01
8.011019357799999963e-01
7.870627696299999920e-01
7.481493859400000224e-01
6.886382300600000228e-01
7.511644604999999641e-01
6.084544441800000536e-01
8.437217103899999904e-01
8.932972696099999999e-01
7.892676845899999627e-01
7.442632858900000148e-01
7.604131733800000292e-01
8.099003872000000159e-01
8.630029589500000098e-01
7.939189916900000199e-01
6.218011954000000063e-01
8.323747345499999950e-01
8.203677727200000547e-01
5.517103501000000243e-01
7.951841603999999508e-01
8.108999764900000073e-01
9.073178272199999839e-01
8.117852428699999789e-01
4.918907189999999763e-01
7.514362972100000482e-01
7.972183281700000457e-01
9.038381128100000383e-01
6.051859801100000213e-01
8.164595475600000540e-01
7.843920599100000501e-01
8.383753868600000159e-01
7.785393790200000330e-01
6.989544660199999981e-01
9.045862620200000315e-01
7.414090076199999491e-01
6.534457961899999834e-01
9.172739501900000203e-01
8.857708481199999540e-01
8.705262406699999511e-01
7.546174486900000256e-01
7.239335921599999724e-01
5.506764477200000174e-01
7.011941142600000010e-01
9.339385295400000064e-01
6.209634271599999700e-01
8.500670353599999451e-01
7.870208615899999538e-01
8.241310614200000328e-01
8.797680954100000061e-01
7.793888081800000034e-01
8.478482759500000077e-01
7.984974702899999555e-01
6.194333450800000307e-01
7.018952592499999588e-01
8.990001359499999456e-01
6.330461472499999687e-01
6.567721694600000548e-01
8.567037664400000141e-01
7.352913286600000209e-01
7.215265832899999676e-01
6.376252667199999724e-01
5.647713000799999827e-01
8.981961806599999543e-01
8.478884765699999937e-01
7.357727804500000524e-01
6.964687850799999858e-01
8.323143617599999544e-01
9.364180563199999696e-01
6.479083201999999986e-01
7.481372568199999851e-01
7.669198755799999656e-01
8.554028435899999616e-01
8.859459240200000529e-01
8.819661034200000360e-01
7.755983666500000373e-01
7.455009935099999874e-01
7.451824148500000300e-01
5.652897495599999989e-01
7.691204319700000180e-01
7.752965030099999710e-01
7.868019164099999685e-01
8.032466896300000103e-01
8.848338003600000334e-01
6.300016674399999683e-01
6.826424060100000357e-01
8.321178284500000411e-01
8.621497514899999492e-01
6.961565750899999516e-01
7.192973102699999899e-01
6.433029432300000350e-01
8.719447879699999682e-01
6.874897302200000393e-01
9.001880175900000003e-01
7.853625771100000152e-01
6.814343645099999458e-01
7.804771435699999760e-01
7.962324453600000407e-01
8.457718186799999538e-01
8.150222059799999696e-01
7.868939795199999532e-01
9.033560526799999657e-01
4.980509114500000223e-01
6.188167552000000127e-01
7.649454101199999467e-01
8.855158146199999525e-01
8.253671832500000249e-01
6.774036409200000497e-01
8.308701655500000394e-01
8.376157167700000183e-01
7.723944433899999629e-01
8.066378493100000435e-01
7.346361079000000016e-01
7.403808116200000233e-01
8.992900271899999520e-01
8.672026666200000067e-01
7.587564954200000100e-01
8.599153046299999881e-01
5.080751224799999743e-01
7.396886337400000455e-01
7.982399389100000020e-01
7.189927589200000302e-01
8.876882400200000189e-01
8.013875388000000211e-01
8.054873353000000513e-01
8.123551846600000070e-01
7.261953221800000469e-01
7.865008146999999950e-01
8.067151208099999637e-01
5.681433368199999556e-01
5.979118344999999612e-01
8.617894368899999824e-01
5.922064796199999481e-01
7.215912622400000309e-01
6.503637356700000538e-01
8.782059006300000359e-01
6.436812248000000070e-01
7.653386766799999963e-01
8.013521786099999655e-01
8.198140602500000318e-01
7.730307030999999940e-01
8.332527853200000223e-01
8.369065808100000226e-01
7.651650433500000181e-01
7.171814375199999647e-01
7.997134945699999609e-01
6.958280610399999455e-01
6.635436495700000048e-01
7.747756945199999468e-01
8.820890491099999675e-01
7.466863695700000081e-01
8.132200522100000439e-01
8.078071035299999592e-01
6.498675748900000215e-01
8.499874604499999542e-01
5.281552406299999669e-01
8.612153262199999659e-01
7.200755733000000491e-01
5.960667839500000120e-01
8.032690482700000079e-01
7.751677421399999490e-01
8.822742080900000117e-01
8.424498648999999562e-01
5.982054332299999722e-01
8.973926745000000427e-01
4.988192722299999993e-01
7.924983072800000361e-01
8.509605395099999470e-01
7.920105530900000135e-01
6.297835808499999688e-01
8.607429740800000006e-01
8.767141703699999900e-01
5.148059208299999856e-01
6.412613898100000265e-01
8.549479487600000205e-01
6.929941143300000217e-01
7.778731509399999799e-01
8.754055233899999955e-01
4.624377487599999892e-01
7.908765506699999559e-01
6.991414464699999831e-01
7.988247645299999533e-01
9.056253315600000242e-01
8.945820579500000091e-01
7.925848972200000286e-01
7.626716038399999897e-01
6.860842501799999660e-01
7.623971483100000501e-01
7.575717757000000052e-01
5.648062528599999688e-01
8.515586728099999725e-01
7.592598174700000424e-01
8.323231641999999653e-01
7.615330416400000191e-01
5.657067685800000190e-01
7.890097870600000229e-01
8.737621468099999733e-01
8.745174493499999757e-01
6.654435657099999624e-01
7.424015951300000360e-01
7.001419888800000102e-01
8.663109240899999897e-01
5.188682557599999523e-01
9.091282316200000047e-01
8.299105960899999523e-01
7.546868076899999611e-01
7.163039023299999641e-01
8.417038132699999897e-01
8.091054629799999676e-01
7.834945552600000029e-01
6.248365257000000339e-01
8.215349002099999742e-01
7.731222363399999908e-01
6.999167901699999694e-01
8.661538024099999511e-01
8.790888959099999456e-01
6.169960210899999575e-01
8.210522398899999796e-01
8.493947517400000091e-01
8.930982150999999813e-01
7.734775762300000190e-01
5.077829729199999642e-01
7.476820873899999720e-01
7.081268723600000481e-01
8.128387925600000230e-01
7.983783478399999467e-01
4.802683350399999940e-01
7.861869368499999622e-01
8.847930920400000065e-01
8.071723595599999967e-01
7.908719255499999656e-01
6.747495241900000051e-01
7.969103813900000333e-01
7.713587240799999467e-01
8.418031276499999827e-01
7.996097143799999474e-01
5.573994716900000368e-01
7.981779515500000421e-01
7.030793988700000385e-01
8.753497940600000193e-01
7.313432446300000001e-01
8.903162895499999729e-01
7.243828666199999544e-01
6.508101549600000535e-01
6.831110073299999641e-01
9.100899016100000294e-01
8.633069928900000134e-01
7.579231871799999576e-01
8.394829055800000495e-01
7.752068795300000037e-01
8.705005695199999893e-01
5.304479941399999898e-01
8.367200634500000511e-01
7.713696870299999730e-01
7.582530130400000346e-01
6.869060430000000217e-01
8.966149573599999645e-01
6.423232267999999801e-01
7.638577268699999756e-01
8.274618798299999689e-01
8.015892539300000230e-01
6.352112418699999985e-01
5.896611958899999895e-01
7.546817900300000215e-01
6.349879606999999648e-01
9.155989387699999815e-01
6.473995738700000224e-01
8.710666920099999766e-01
7.848411574300000471e-01
8.896194130000000255e-01
7.587390091600000330e-01
8.432508946300000252e-01
6.662348286100000516e-01
7.666136218600000385e-01
8.038134733599999748e-01
8.345912120499999753e-01
8.120931420000000456e-01
7.085079238999999474e-01
7.891558842300000487e-01
6.881352456999999534e-01
6.624820585899999781e-01
8.207803399699999947e-01
7.565092975099999562e-01
8.699206097299999607e-01
6.080914746800000215e-01
8.435697966399999803e-01
8.368034555200000169e-01
7.954905883699999736e-01
7.293315615000000030e-01
7.388085603499999765e-01
7.600280752300000442e-01
6.581736455200000169e-01
7.216934021199999938e-01
7.068764971300000033e-01
6.475976860000000057e-01
7.867865396700000069e-01
7.223140925100000054e-01
6.410616928000000270e-01
8.461872457200000364e-01
7.339123775000000460e-01
8.866366832800000042e-01
8.639882343400000497e-01
8.564263903600000116e-01
8.204051451499999592e-01
7.021749393199999689e-01
7.596730274399999816e-01
6.827668722899999931e-01
8.079037981600000196e-01
6.717477469399999457e-01
7.682264964699999643e-01
8.762851886600000473e-01
7.743973612800000295e-01
7.836296654600000133e-01
8.891741478000000365e-01
8.277120095200000138e-01
7.461483315100000402e-01
5.694155859899999728e-01
7.273259943100000013e-01
6.930875780399999853e-01
8.387574168600000490e-01
8.164608678400000485e-01
8.533659479699999828e-01
7.819650797299999567e-01
8.084846744200000490e-01
8.794138081000000273e-01
9.092221624299999805e-01
7.346075750799999637e-01
8.562393405699999516e-01
6.754948362299999509e-01
9.211182347899999900e-01
8.161820515100000062e-01
8.139423981500000238e-01
6.900835323999999771e-01
6.021473800300000123e-01
8.416448902099999962e-01
8.226593215899999922e-01
8.517245528800000409e-01
7.903659432699999821e-01
8.721351029499999630e-01
8.888969585299999476e-01
9.054782211999999886e-01
7.674755908200000531e-01
7.779551542100000550e-01
8.748456869099999755e-01
6.250849303900000153e-01
6.696719173099999756e-01
5.822315817500000046e-01
6.720974912699999582e-01
6.802235422900000383e-01
8.489868226900000314e-01
7.135302946299999505e-01
7.319796743399999972e-01
7.355573219800000118e-01
7.437488127500000434e-01
8.036734080899999855e-01
8.112781756800000466e-01
8.916511171100000022e-01
6.538656091400000259e-01
4.854344769899999745e-01
7.414447169100000234e-01
7.009127824299999920e-01
8.206459424099999955e-01
7.584016108100000153e-01
7.981358932400000050e-01
7.545971150400000438e-01
8.484120659099999573e-01
8.483345524199999987e-01
7.476966673399999541e-01
5.813541983400000168e-01
7.892021264899999888e-01
6.489114084699999507e-01
7.578196578600000510e-01
7.593443075100000383e-01
7.820199315900000503e-01
7.758000710800000421e-01
8.129073145899999853e-01
9.191695910199999542e-01
8.373331239100000323e-01
9.288904644100000052e-01
7.634032797900000000e-01
6.987780887500000260e-01
8.359939688399999902e-01
8.010571531000000300e-01
9.027258100999999701e-01
6.160098400100000315e-01
8.280213421200000035e-01
7.287223080200000425e-01
6.093648003699999594e-01
8.606355617199999974e-01
8.280764056599999590e-01
9.088558360199999742e-01
8.856374351100000375e-01
6.022517614300000321e-01
8.342082079599999478e-01
7.409379701299999565e-01
8.379463500199999526e-01
7.605729001500000086e-01
7.942209840099999640e-01
8.492952812599999790e-01
7.979744145499999552e-01
7.908596617099999948e-01
8.036342440100000539e-01
5.638345960899999731e-01
8.307812995100000153e-01
8.444090598500000322e-01
8.071439865499999700e-01
9.354610301800000416e-01
8.007198220500000296e-01
8.234073262300000140e-01
7.858774332700000365e-01
7.305711826699999856e-01
7.655256476599999749e-01
7.698915722100000414e-01
8.468949354500000526e-01
4.921069693199999762e-01
8.605127302999999728e-01
7.840482199699999599e-01
8.049662201499999670e-01
8.573455022899999500e-01
7.606048108999999835e-01
6.013308480400000322e-01
8.351089250400000052e-01
7.580904863799999838e-01
6.922321609199999504e-01
5.976046727899999578e-01
6.501083446800000054e-01
6.002990560099999984e-01
6.922854644300000526e-01
5.895074347400000025e-01
8.822658042300000059e-01
7.867108750600000366e-01
6.293495278399999782e-01
8.706656870300000239e-01
8.367976553100000547e-01
6.533040087999999468e-01
8.034624112699999543e-01
5.294345584699999829e-01
7.898928860999999690e-01
7.295241546599999793e-01
8.229924831899999571e-01
6.168079706200000345e-01
6.540156319400000084e-01
8.375585850700000279e-01
6.450379646199999595e-01
7.347553467999999866e-01
7.498246925099999460e-01
8.599798587400000471e-01
5.697310004200000222e-01
8.473696168200000045e-01
6.671659814799999477e-01
7.548821461500000440e-01
8.387385125899999849e-01
7.930820683799999493e-01
7.195991776000000284e-01
8.053536499200000254e-01
7.249737293600000410e-01
7.364437716599999684e-01
8.374908215999999905e-01
4.997976184299999791e-01
8.195525569399999544e-01
8.139089830600000353e-01
6.975113685199999525e-01
6.825434662699999544e-01
8.808916779100000038e-01
7.801614670900000048e-01
8.607523875600000540e-01
5.917848194100000514e-01
7.524096686500000297e-01
6.815270497700000041e-01
8.001871464399999967e-01
8.625938241699999676e-01
7.394994348900000292e-01
6.266814831200000491e-01
5.369207667099999970e-01
7.770131658000000163e-01
8.047095461100000069e-01
5.068777502100000332e-01
7.193612690599999748e-01
8.924456686499999680e-01
7.705995156999999596e-01
8.501283446799999810e-01
8.812494076700000400e-01
8.711621858300000465e-01
8.886824418300000028e-01
8.883649094900000209e-01
7.513785186500000490e-01
6.714893552599999760e-01
7.968547800999999930e-01
5.304211922199999485e-01
7.451811389800000462e-01
6.592153452100000255e-01
7.362401458099999685e-01
8.116464954400000043e-01
7.888090330800000549e-01
8.221084027899999702e-01
8.404340261099999543e-01
4.498958074100000148e-01
8.380150818599999551e-01
8.918013381999999600e-01
6.415119469600000235e-01
8.989012479100000341e-01
8.339285864600000098e-01
7.670016333200000425e-01
8.986961306499999802e-01
8.931183013700000339e-01
7.209264150699999929e-01
8.733247646299999722e-01
7.973680954299999790e-01
7.522572587800000488e-01
6.287672882100000527e-01
8.453109944000000153e-01
7.021479040500000490e-01
6.459074274599999610e-01
8.227259205200000425e-01
5.357119412899999933e-01
7.680130581999999873e-01
7.949442635600000306e-01
7.502688688599999933e-01
8.006603804499999866e-01
4.869846817299999797e-01
7.295511102499999678e-01
8.354905513000000505e-01
8.872682831000000547e-01
8.975751759400000251e-01
8.149152661899999872e-01
3.898193463799999869e-01
9.208400818899999951e-01
8.771707934900000447e-01
7.657411572200000238e-01
7.998450836899999583e-01
8.370555708200000389e-01
7.528917485699999634e-01
8.297626674500000465e-01
6.473817558600000188e-01
7.475377115000000350e-01
8.776848100699999877e-01
8.391381361399999905e-01
6.491726504899999473e-01
7.698195503500000481e-01
8.384036691599999758e-01
8.617069051800000379e-01
7.582460439599999491e-01
7.385269326300000214e-01
8.095183121800000325e-01
8.323615751899999804e-01
8.612238589299999747e-01
6.455132828599999817e-01
6.262870860300000508e-01
7.520394612999999895e-01
7.123001383300000544e-01
8.126419610099999691e-01
7.738461676000000233e-01
6.522399994799999989e-01
8.037893444500000539e-01
5.991771420999999487e-01
8.691579329999999937e-01
8.523080291200000325e-01
7.631842154800000388e-01
7.944914414000000535e-01
7.756324521399999838e-01
7.833491063399999899e-01
7.550978067800000471e-01
8.159354716900000248e-01
6.834025116499999886e-01
7.909007335300000108e-01
8.309432107299999926e-01
8.150366738300000025e-01
8.592109963899999814e-01
7.581274295300000077e-01
7.466065657499999508e-01
7.549353243199999897e-01
5.774369386800000115e-01
7.853193621499999777e-01
8.709109368999999878e-01
7.740103368999999844e-01
8.150020906799999576e-01
8.613371165400000029e-01
8.593699393000000519e-01
7.889671853599999896e-01
8.709233799500000206e-01
8.821807069699999504e-01
6.599523784299999862e-01
7.247410177199999914e-01
8.227584913500000097e-01
7.750101584399999854e-01
7.509346082600000249e-01
8.411117387400000034e-01
5.393511372699999473e-01
7.470944658000000516e-01
4.137461018599999929e-01
7.945927632200000534e-01
4.443725390900000183e-01
7.802589133099999685e-01
8.162512065999999455e-01
7.672994413500000555e-01
7.829312491400000074e-01
7.968971886600000332e-01
8.566643649299999774e-01
7.059114791999999694e-01
8.861433762899999511e-01
6.818425606500000402e-01
7.938710458100000089e-01
7.944209240599999777e-01
7.577992620600000340e-01
8.066851023400000154e-01
8.579163929299999936e-01
8.321690791800000486e-01
6.592685226800000242e-01
8.767157680899999583e-01
8.473983025500000377e-01
7.548173319300000017e-01
6.848182160300000376e-01
7.698834748899999747e-01
8.740044944200000554e-01
6.444324246100000542e-01
7.358089280599999782e-01
8.074149273399999771e-01
7.446569702599999951e-01
8.305337917499999723e-01
7.733176862399999685e-01
8.111591855099999915e-01
8.699178625100000284e-01
7.767924074299999981e-01
4.132246926600000037e-01
6.643113746000000042e-01
8.881842770000000220e-01
7.593546364900000123e-01
5.744976548900000424e-01
7.598537909900000553e-01
5.144785773900000247e-01
7.805409422000000319e-01
7.708122392899999786e-01
8.636498363200000306e-01
7.172833903199999916e-01
4.779748086699999732e-01
8.537399333299999782e-01
8.685127612299999855e-01
8.727103181599999981e-01
7.930089561499999995e-01
5.105809914600000221e-01
6.648330234899999525e-01
6.717846001099999631e-01
8.544235098300000386e-01
8.576437979400000078e-01
8.811152443899999964e-01
8.516290294299999619e-01
7.764532110899999839e-01
8.128634217700000386e-01
7.848138239899999924e-01
6.603529183499999844e-01
7.845784654399999836e-01
7.989638192600000410e-01
8.939370545899999465e-01
8.561815221299999834e-01
8.980517291999999818e-01
7.866997313300000405e-01
9.198203007199999837e-01
5.947116543699999536e-01
9.044745990800000524e-01
7.768031494699999540e-01
5.344705463600000206e-01
8.872400142399999856e-01
5.411979503299999550e-01
8.878939525200000293e-01
8.413131671500000408e-01
3.562069087199999928e-01
6.637474676100000304e-01
8.172180092699999898e-01
8.525800191700000363e-01
4.955546633899999831e-01
9.013122531999999687e-01
8.076977327100000048e-01
8.514895690999999545e-01
8.569221240400000106e-01
6.942748307099999572e-01
8.688141266300000165e-01
9.174251646500000135e-01
7.843175345399999721e-01
6.857283892300000128e-01
8.579254719400000173e-01
6.972460321200000255e-01
9.656810852999999639e-01
8.868638491300000481e-01
8.244697737599999687e-01
8.260086040699999854e-01
7.755796864999999762e-01
7.994427473299999809e-01
4.981868848400000105e-01
8.017867106499999563e-01
7.419269756099999835e-01
8.871682639200000331e-01
8.632245060500000067e-01
6.708901078600000289e-01
8.131310789400000294e-01
7.914343564100000394e-01
8.105502999800000552e-01
7.683312128000000518e-01
8.106415698800000236e-01
7.557204357900000335e-01
5.062073793200000393e-01
8.974607213099999869e-01
7.888633115299999998e-01
8.827195415099999831e-01
8.384520392600000038e-01
6.950635007800000098e-01
5.479855965100000059e-01
7.828814132600000475e-01
8.498073098799999725e-01
7.639212265400000534e-01
8.675401454200000195e-01
7.899658135399999503e-01
8.344299890699999889e-01
6.212800744900000005e-01
6.698787308000000440e-01
7.610192525900000282e-01
7.993422040400000039e-01
8.457556921400000149e-01
7.736257146199999601e-01
8.215613060999999995e-01
6.494513455299999460e-01
7.906038041199999755e-01
8.237274613699999692e-01
7.961207527400000483e-01
7.550304464899999513e-01
6.860955236500000387e-01
8.841032750299999687e-01
7.045912108999999868e-01
7.734720725899999483e-01
8.869094868400000387e-01
6.993880724400000082e-01
8.269086866799999491e-01
6.615011105400000480e-01
8.809102208400000356e-01
7.605218179599999573e-01
7.918680885600000163e-01
6.851082164799999763e-01
8.466748651300000095e-01
8.478065501199999465e-01
7.772827945100000413e-01
4.987849085300000151e-01
6.498014285200000018e-01
8.605537795300000070e-01
8.115103017100000482e-01
8.211319526600000529e-01
6.998249268599999739e-01
6.409199837300000313e-01
7.707767562099999692e-01
8.642997243300000187e-01
8.570696192000000213e-01
7.989687091299999544e-01
8.973227616500000225e-01
6.655299163400000273e-01
7.998676135700000245e-01
5.995374688000000285e-01
7.238906892900000001e-01
7.889242651200000234e-01
7.250028701299999767e-01
7.771815456399999711e-01
7.396942455099999592e-01
8.695226874899999459e-01
8.431529840899999462e-01
8.189607269499999953e-01
9.413273442699999771e-01
8.373185625800000365e-01
5.707695782899999681e-01
9.178576969299999666e-01
6.054767157599999505e-01
8.334616496700000265e-01
7.712953106900000133e-01
7.262892149699999855e-01
7.657369060299999974e-01
6.580376867999999657e-01
7.293158320599999467e-01
8.884792024300000035e-01
8.110260171900000037e-01
8.552801892200000422e-01
8.401503826499999716e-01
6.912886761099999999e-01
8.634919022200000516e-01
5.363202064200000008e-01
7.376449446799999698e-01
7.583587285799999744e-01
6.618289427200000352e-01
7.110157732699999844e-01
5.427162592199999969e-01
7.305280468999999499e-01
7.086745087900000462e-01
5.616007806899999677e-01
8.035844531300000426e-01
7.812556502799999913e-01
6.216413839500000149e-01
8.646351259300000258e-01
6.538812799600000059e-01
7.590933693100000434e-01
5.656886869799999662e-01
8.869211787599999841e-01
8.935128562599999880e-01
7.736798418300000479e-01
7.858150351599999528e-01
9.048606116199999772e-01
8.911295448999999591e-01
8.841485630600000034e-01
7.145721837199999760e-01
7.790232116399999907e-01
5.609737087299999647e-01
7.880994615399999903e-01
8.343582701099999666e-01
8.343765800400000376e-01
8.273566258600000278e-01
8.740413174000000174e-01
6.292925709300000170e-01
8.166997920199999816e-01
8.479100951300000411e-01
7.093359254800000180e-01
7.680613115600000151e-01
7.613145256400000171e-01
8.362591020199999781e-01
6.058615222100000031e-01
6.550086323699999546e-01
7.169877656900000007e-01
7.866314115500000481e-01
7.033666653300000293e-01
6.183900013499999959e-01
8.189930637300000260e-01
7.755029023499999674e-01
5.730456744499999866e-01
7.942352054100000336e-01
8.460797347199999763e-01
6.227949862799999625e-01
6.606756780200000456e-01
8.442531572700000542e-01
7.620591223999999553e-01
8.721702380800000487e-01
7.017502380000000262e-01
7.994850469299999984e-01
7.848717194900000083e-01
7.560160748099999939e-01
8.554113421200000289e-01
8.227120987499999538e-01
6.509093656500000158e-01
7.472950366399999655e-01
7.471013334499999603e-01
8.298068274100000030e-01
8.129028016899999542e-01
7.583150861999999881e-01
8.753992977400000264e-01
7.192158587100000444e-01
8.884271469400000232e-01
8.055625732300000230e-01
7.872040990199999921e-01
7.795454725299999499e-01
6.355613285500000265e-01
8.208395726999999642e-01
8.228024069799999562e-01
6.347308574600000197e-01
6.122613410899999664e-01
5.509805550699999888e-01
8.106240309200000160e-01
8.239225880199999574e-01
8.532695905199999542e-01
7.806466626900000483e-01
8.138036218099999886e-01
7.556666472099999865e-01
7.629015993200000123e-01
7.418372570100000285e-01
9.102139781400000462e-01
8.894158689900000248e-01
8.924710341299999516e-01
8.407501593799999728e-01
7.698576755599999544e-01
8.149772082699999753e-01
8.225050293700000292e-01
7.547260140499999492e-01
7.259157840500000125e-01
8.350206705099999516e-01
8.413269081399999960e-01
8.098585597899999877e-01
8.952374798500000175e-01
7.993728125900000370e-01
6.230590871200000214e-01
7.438445805900000263e-01
7.805914067000000456e-01
8.545584900799999550e-01
7.378232872900000183e-01
8.214767526899999783e-01
7.874792218599999671e-01
8.134516095799999569e-01
7.914506138700000415e-01
6.472547148299999664e-01
6.449948461600000238e-01
8.318952670700000551e-01
8.465355587099999690e-01
8.657476944499999938e-01
6.122914482200000341e-01
5.805270759799999736e-01
7.636667511700000466e-01
6.778988954600000394e-01
7.446668644199999632e-01
8.500220721600000306e-01
8.162055411699999929e-01
8.891555495699999812e-01
6.386713689099999813e-01
8.242461364299999982e-01
4.990180350499999751e-01
8.860985680999999836e-01
8.173029014099999490e-01
7.560688408900000379e-01
7.817606403200000331e-01
4.795763316100000173e-01
7.561150575999999734e-01
6.531207105199999807e-01
7.691542626299999741e-01
8.314707461800000532e-01
7.156218775099999485e-01
7.385767142200000412e-01
6.232099768800000161e-01
5.506852646400000051e-01
8.434852949000000155e-01
9.097988770599999553e-01
5.374167941299999862e-01
8.450048215600000079e-01
7.467871801800000098e-01
7.683614510299999756e-01
8.466254096399999929e-01
6.994671703599999457e-01
8.606509359499999734e-01
7.779674206600000197e-01
7.293595158100000253e-01
8.011609053499999522e-01
7.690490864800000326e-01
8.138099123299999960e-01
5.673212631399999761e-01
6.479865334600000137e-01
3.922209702400000220e-01
7.898980301600000420e-01
8.277654176900000049e-01
7.142306422799999943e-01
7.174249768399999505e-01
6.919972545300000499e-01
7.294145508999999583e-01
8.208463769099999530e-01
8.666327737200000270e-01
6.729719603399999528e-01
7.919614292100000119e-01
7.636778762999999470e-01
6.900356849100000023e-01
5.780430705100000344e-01
7.591813355300000010e-01
7.469655555599999941e-01
8.397643748999999991e-01
7.967431396499999874e-01
7.941104487700000325e-01
5.570952507899999961e-01
6.021741684000000427e-01
8.252743480799999976e-01
7.542513857999999516e-01
7.376809702100000088e-01
8.566182323500000084e-01
7.884694948899999556e-01
7.664454558200000100e-01
8.939180003200000169e-01
8.071331591899999491e-01
7.559805198600000331e-01
8.030561418499999604e-01
5.332316759599999845e-01
8.041530143399999719e-01
8.277075340499999712e-01
8.599926469299999932e-01
7.255718985500000384e-01
6.828536001299999603e-01
7.888427180599999478e-01
8.453949007500000112e-01
8.256773931999999983e-01
8.400049443899999524e-01
7.857098991600000026e-01
7.243019411600000179e-01
7.774415779000000137e-01
8.740263407399999629e-01
8.277541795199999664e-01
7.610592808899999673e-01
7.474103567100000012e-01
5.543233845599999654e-01
7.599150323800000217e-01
7.111685658399999888e-01
8.748627140100000421e-01
8.489557185699999620e-01
7.930077791899999839e-01
7.918725192000000135e-01
6.643743849600000084e-01
8.792001806600000524e-01
7.342787767399999721e-01
8.250673897800000489e-01
6.653369459100000327e-01
8.446361586399999677e-01
8.823827510899999726e-01
7.250446170800000090e-01
7.693270226699999714e-01
8.861209791599999885e-01
8.266339026500000298e-01
6.645363915599999949e-01
7.885505435799999852e-01
9.105696158399999574e-01
6.902366946500000378e-01
5.954096954700000000e-01
8.196258361399999526e-01
6.487454433199999482e-01
8.009439234199999813e-01
6.899770668100000393e-01
9.134555986100000302e-01
7.995256554599999843e-01
7.896098713200000452e-01
8.473595492900000137e-01
4.689433389700000121e-01
6.316309439499999678e-01
8.242004138699999816e-01
8.348526472999999726e-01
8.202721138199999817e-01
7.433354468099999668e-01
7.884774990899999780e-01
7.838663865699999622e-01
6.610084854300000146e-01
9.349537184699999726e-01
4.605715418299999864e-01
6.922005117699999710e-01
8.912130564500000407e-01
8.727526727100000103e-01
7.040688853800000091e-01
8.040091348600000298e-01
6.411865806000000001e-01
7.588757587300000163e-01
8.889163204200000168e-01
8.711096959099999815e-01
8.246198518699999758e-01
7.840244100100000058e-01
8.614584260500000035e-01
8.407891493400000416e-01
8.250591854400000091e-01
6.150067174300000161e-01
8.983426662800000351e-01
9.032139319799999955e-01
8.581004949799999615e-01
8.052518788300000452e-01
7.126633568400000396e-01
7.831805587900000365e-01
5.951659082500000419e-01
6.502598565299999578e-01
7.740030144799999734e-01
8.268883044300000540e-01
8.661200821500000258e-01
7.654723025399999825e-01
8.278172796799999622e-01
8.507907776399999955e-01
7.121654858100000540e-01
8.456559172299999982e-01
7.140135643699999646e-01
6.613999087199999849e-01
7.921161335199999876e-01
5.333369749399999860e-01
7.517755676399999754e-01
5.966154414800000083e-01
6.943472699199999543e-01
7.250092818000000161e-01
8.174045124900000125e-01
8.366546958699999648e-01
8.157293745899999449e-01
7.125140735499999600e-01
8.226800767899999922e-01
7.030945646599999765e-01
8.468072973800000458e-01
8.372841034200000365e-01
7.465288419700000233e-01
4.124880115899999811e-01
6.100622708699999786e-01
9.054667461099999981e-01
8.379681969800000241e-01
8.539994693000000359e-01
9.097784615199999703e-01
8.511231407299999496e-01
8.036315595699999870e-01
8.303479715999999566e-01
7.677802994300000350e-01
7.594241918399999847e-01
8.657208388099999485e-01
7.676496747700000123e-01
9.016216265499999993e-01
5.619093651200000039e-01
7.919716851900000520e-01
8.102757554999999723e-01
7.126733929899999875e-01
8.991420303999999586e-01
6.659418288899999760e-01
9.066389703899999652e-01
8.196312418000000211e-01
7.847080925299999565e-01
5.598122726699999996e-01
7.557159598999999561e-01
7.240914256799999560e-01
7.522091002899999879e-01
8.388597168200000453e-01
7.575477330100000017e-01
7.935311853800000037e-01
6.892739410799999522e-01
8.461860928300000140e-01
6.589862445699999904e-01
9.056846744100000013e-01
8.515107507300000433e-01
6.398611804799999581e-01
6.716086508299999869e-01
7.741097490099999590e-01
8.300616097999999887e-01
6.967350811900000496e-01
8.435931980199999902e-01
7.730213046099999596e-01
6.979265264499999732e-01
7.580151654300000263e-01
7.889562251499999679e-01
7.376267565799999870e-01
8.985356411699999546e-01
8.386817186299999616e-01
7.306039469299999700e-01
8.759837361900000285e-01
5.929256735500000319e-01
8.604393853899999778e-01
6.179772710900000021e-01
8.796076049200000080e-01
6.536789701499999827e-01
6.079790644600000515e-01
7.833682537599999662e-01
7.520139484600000257e-01
8.807923958300000189e-01
8.718505747100000480e-01
6.145626295099999581e-01
7.535523112999999995e-01
7.632484467000000272e-01
8.316374881000000441e-01
6.941544801000000264e-01
9.015037758699999682e-01
8.920706842300000217e-01
7.810000325999999493e-01
7.137120291299999808e-01
7.850338549900000018e-01
7.884694322099999875e-01
7.504831156500000322e-01
8.216228409800000465e-01
8.260990431600000461e-01
7.984079843800000464e-01
8.218251688600000104e-01
6.857531253199999899e-01
6.555034967499999699e-01
7.698364829299999545e-01
8.561437467500000453e-01
7.880135738100000342e-01
7.941059789200000107e-01
4.590227096799999740e-01
7.120757010699999556e-01
8.557191168800000192e-01
7.391590568100000480e-01
7.486920114099999690e-01
7.629067349799999453e-01
7.873727202800000491e-01
7.665051129100000082e-01
9.008499493299999550e-01
6.291520962100000114e-01
7.927246931000000441e-01
7.597648468700000102e-01
8.691149150000000434e-01
7.365765021400000334e-01
8.195442254899999446e-01
7.546759294899999526e-01
8.006386222000000386e-01
8.286458131199999633e-01
5.061726487900000127e-01
8.147704685300000138e-01
6.955354013900000298e-01
8.076704381100000552e-01
8.264772947699999817e-01
8.040393995500000335e-01
8.806934665400000251e-01
8.469399276100000318e-01
8.791310002500000165e-01
7.050031238299999670e-01
8.497812355899999615e-01
7.686628838200000313e-01
7.748202802800000510e-01
9.128199179099999450e-01
7.011832919599999547e-01
8.776654161100000406e-01
8.666860900299999670e-01
7.778389702500000391e-01
8.142975956600000398e-01
7.633900585699999741e-01
8.185405127699999506e-01
8.516914447000000221e-01
7.523449516000000337e-01
5.902621666299999736e-01
8.234241996100000183e-01
8.284950280399999700e-01
8.260314229299999811e-01
6.680547065599999890e-01
7.823110799300000417e-01
8.708903583899999523e-01
7.926282016400000296e-01
8.344545666599999523e-01
6.782090235600000128e-01
8.130420912900000463e-01
7.977182454400000289e-01
8.792751214299999729e-01
8.449293370499999511e-01
7.538986825200000297e-01
7.889531068999999786e-01
8.317021233200000419e-01
8.037872968799999462e-01
7.871553186799999935e-01
8.259542590499999726e-01
4.920969892300000037e-01
8.986506029399999873e-01
8.166249540500000181e-01
8.511687473700000339e-01
8.468343538200000520e-01
8.984881325800000429e-01
7.879899803900000110e-01
8.242056580200000093e-01
6.454654043699999955e-01
7.896416934100000118e-01
7.734792381499999703e-01
7.884701498999999725e-01
7.489859914399999985e-01
8.821899434500000137e-01
7.673318300900000555e-01
6.953196977700000225e-01
7.147927074700000105e-01
6.342857824400000011e-01
8.092057370799999871e-01
6.732256838600000348e-01
8.189737430800000384e-01
8.074990637100000201e-01
5.888680836199999824e-01
7.807603094799999699e-01
8.195660603400000133e-01
8.432150622099999770e-01
8.826830937999999849e-01
8.051442177900000052e-01
5.205143160399999802e-01
8.007457802799999858e-01
4.369736446999999968e-01
8.211884158100000164e-01
8.128528120500000398e-01
8.731581410700000045e-01
8.820112735199999721e-01
8.263734447599999644e-01
7.532376902199999780e-01
4.283827585500000201e-01
7.232149783300000356e-01
7.406045838100000500e-01
8.508577964500000368e-01
8.559674251000000123e-01
8.292275132399999915e-01
8.166732305699999639e-01
7.766086386499999605e-01
7.494463145299999907e-01
6.836322776600000095e-01
5.862531135899999857e-01
8.486149627900000381e-01
7.458987292200000008e-01
6.565213656399999653e-01
7.775090059200000514e-01
8.822793809700000267e-01
7.847575825000000505e-01
7.649504099199999629e-01
8.575005300100000394e-01
5.650824237899999547e-01
6.859837210000000463e-01
7.101268054899999571e-01
8.000715170700000156e-01
5.941885826199999610e-01
7.725404008399999745e-01
7.827713608599999873e-01
7.581440654200000129e-01
7.887476808400000206e-01
6.586474330299999513e-01
6.194614345000000188e-01
7.849220167699999529e-01
9.073021827299999620e-01
7.811089821200000172e-01
8.549812794700000218e-01
7.495197103499999791e-01
7.167183926400000349e-01
6.424866351700000422e-01
8.369710798999999701e-01
7.920900511999999782e-01
7.591561830999999927e-01
7.327974452900000157e-01
8.256556465500000108e-01
8.154716821199999854e-01
7.607074197800000048e-01
6.325729733099999530e-01
8.026085139399999901e-01
7.363296289199999789e-01
8.564494943399999505e-01
8.477666793900000552e-01
7.756931003400000524e-01
8.361223744400000379e-01
8.093143966700000469e-01
7.245966637099999774e-01
7.559202410499999969e-01
6.281825930500000155e-01
7.645595021800000168e-01
8.197733471000000494e-01
8.761478704199999745e-01
7.959478833499999961e-01
6.743893886499999768e-01
7.789500281600000298e-01
7.929683772200000202e-01
8.375883387400000490e-01
7.444811375200000025e-01
7.329741919300000186e-01
8.868846891099999574e-01
5.691310852700000034e-01
8.504884294000000233e-01
8.791244518199999858e-01
9.020769400100000501e-01
8.879636141600000254e-01
8.035322566000000499e-01
7.022272013999999452e-01
8.047627417199999522e-01
7.201506642699999627e-01
8.786972904600000023e-01
7.707015591200000459e-01
7.469295357299999827e-01
7.710483920999999796e-01
7.864669746900000424e-01
6.901931554200000374e-01
6.961587708299999955e-01
8.385852157400000007e-01
5.912448293299999991e-01
8.122660272299999651e-01
7.793375563500000158e-01
8.396163137100000062e-01
7.744714883300000130e-01
8.716203892799999631e-01
6.613541866200000063e-01
8.667902436700000157e-01
8.838188437099999684e-01
5.105069279199999643e-01
7.432043992600000371e-01
7.493291941899999919e-01
8.243099087599999875e-01
7.502035847300000393e-01
7.016834500999999946e-01
9.047201763100000127e-01
8.208281420599999878e-01
4.904165945499999735e-01
8.805136403500000153e-01
8.488614454499999740e-01
6.334977677199999935e-01
7.515493612500000475e-01
7.516609423000000234e-01
6.408603479400000191e-01
8.464985468200000307e-01
8.025076555900000352e-01
6.725061518299999541e-01
6.868070272999999837e-01
8.202099669900000389e-01
7.194814879399999974e-01
8.579390713600000273e-01
8.717667632400000199e-01
7.043775180000000358e-01
8.330908522600000143e-01
7.732258136399999815e-01
8.165550356699999845e-01
7.688043636000000403e-01
6.870987692300000171e-01
4.289137923499999894e-01
6.401680595700000032e-01
7.819094906300000369e-01
6.862789289799999803e-01
6.510588922800000233e-01
7.876485617299999742e-01
8.940126273799999801e-01
8.215967647599999868e-01
7.447890493400000089e-01
8.904672380000000498e-01
7.902375865899999852e-01
4.910216629599999938e-01
8.367272625799999641e-01
5.935165054900000126e-01
8.654265688300000203e-01
7.771045686099999905e-01
5.805229834199999717e-01
6.705680090900000279e-01
8.402308072099999858e-01
8.317580105799999846e-01
8.830351110799999903e-01
6.364715216399999820e-01
7.658301283699999740e-01
6.557732542799999953e-01
8.547587170899999531e-01
7.312428318500000524e-01
8.980250751099999595e-01
8.260050170799999592e-01
9.024572477500000245e-01
7.272015018699999889e-01
7.508686074100000551e-01
8.929980176799999780e-01
6.247089964199999956e-01
7.644995662200000375e-01
7.738620368699999919e-01
8.236643736900000068e-01
7.757441236300000043e-01
7.573528247399999858e-01
5.105614100099999941e-01
8.226059662200000400e-01
8.124450755600000074e-01
8.079532834899999516e-01
7.251760502199999792e-01
7.043105083899999785e-01
7.523271192199999513e-01
7.898314508899999531e-01
8.017910786699999903e-01
7.809118667900000199e-01
8.208453983700000345e-01
6.061510797300000419e-01
4.742934484699999897e-01
8.490883190900000432e-01
8.235318395199999753e-01
7.487984680400000537e-01
6.269512143500000079e-01
7.721884884099999846e-01
7.713840838800000155e-01
7.971721036600000199e-01
8.782552470700000224e-01
5.794591862400000348e-01
8.242672061500000424e-01
8.194563656000000140e-01
8.423473897600000093e-01
7.630055195099999521e-01
7.958121748399999973e-01
7.927929676599999587e-01
8.039479979200000459e-01
8.115589976799999494e-01
7.132564579500000335e-01
6.612713668999999905e-01
8.947181186699999511e-01
8.434490895899999785e-01
7.907698722699999516e-01
7.669692762099999950e-01
8.014178552799999800e-01
8.003723797999999778e-01
5.004304561300000342e-01
8.989089539300000320e-01
5.802715574600000314e-01
8.460440345699999920e-01
8.450807433400000512e-01
8.569223696100000121e-01
7.769301421700000043e-01
8.178767868199999791e-01
7.951695755800000098e-01
8.207351951000000367e-01
8.097633143900000441e-01
7.763858249099999664e-01
6.497958281800000346e-01
8.007286028900000296e-01
8.180508292499999445e-01
8.803760817400000382e-01
5.933565198500000415e-01
8.250839416799999881e-01
8.637358260399999876e-01
7.855464223400000501e-01
5.616609719599999773e-01
8.714417452299999534e-01
7.832918724599999827e-01
7.625115291899999814e-01
8.743833425500000534e-01
6.103323257999999640e-01
7.601594887499999453e-01
7.195430202600000547e-01
6.601888847200000354e-01
6.837555650400000129e-01
9.216813809699999638e-01
8.975371956800000106e-01
7.019555187699999532e-01
8.318802609700000072e-01
7.931807996399999894e-01
8.679266873400000026e-01
8.379892638100000513e-01
8.093774512700000479e-01
6.160016525699999468e-01
6.512097792400000085e-01
7.848835549699999525e-01
8.558253458300000283e-01
8.118811096900000468e-01
8.601293199899999742e-01
8.396137912600000197e-01
7.730296854099999448e-01
7.528316918299999827e-01
4.412811214899999834e-01
8.557249578100000198e-01
7.657891220700000501e-01
8.417716405099999744e-01
8.601607746499999596e-01
6.744536733999999534e-01
8.363064314400000532e-01
8.863210083900000535e-01
8.130454722600000128e-01
7.963845064000000251e-01
6.657809097400000375e-01
7.406642884599999865e-01
8.497778394899999643e-01
9.035817809599999695e-01
5.346593548100000426e-01
8.731619120600000450e-01
8.544440881499999474e-01
7.476471644600000133e-01
8.544536207199999733e-01
8.658867215500000158e-01
7.892979134700000010e-01
8.603623917899999585e-01
8.555210094799999831e-01
7.765422627400000444e-01
8.201275839599999617e-01
7.730154179799999525e-01
8.737927410800000461e-01
6.502971459399999876e-01
9.073714114399999975e-01
8.365591471100000120e-01
7.010158217399999891e-01
8.391717917200000043e-01
7.934154887600000094e-01
6.720816365199999698e-01
7.331210300099999522e-01
7.163454934399999807e-01
8.327692694399999596e-01
8.102997442899999569e-01
8.170513239700000208e-01
8.745671873300000509e-01
7.761768032900000502e-01
7.450970418400000295e-01
8.699200411499999896e-01
7.003993064600000373e-01
7.668140870099999784e-01
7.354392703800000097e-01
8.055152321699999840e-01
8.756848744599999845e-01
6.888023517500000414e-01
9.011139431900000440e-01
7.202321834999999561e-01
7.639206455500000548e-01
8.963553387399999517e-01
7.055105812699999923e-01
7.553750230300000368e-01
8.621185859100000126e-01
8.727807386600000550e-01
8.934624188599999961e-01
8.471568965200000356e-01
8.798417226500000465e-01
8.835693977099999818e-01
8.339167266000000467e-01
7.679692990599999991e-01
7.524613564900000107e-01
8.929352162500000523e-01
7.517995323899999693e-01
7.355182435799999530e-01
7.964614033100000379e-01
8.723351652699999903e-01
7.918587707899999995e-01
8.775111089999999558e-01
5.381385957900000072e-01
7.318002098700000513e-01
7.495587091199999996e-01
5.932397170700000055e-01
7.336829680599999959e-01
8.024728421200000295e-01
6.033503068100000144e-01
7.866584783400000225e-01
9.217045891999999796e-01
9.043359971000000108e-01
8.692516728400000448e-01
9.009754624000000378e-01
7.527581156299999465e-01
5.129914557700000488e-01
6.395413238599999550e-01
7.701522275400000117e-01
8.979623637500000477e-01
8.974815394999999807e-01
7.697503531099999519e-01
7.964744663499999655e-01
7.922430528299999608e-01
7.695650607599999748e-01
7.623267514799999534e-01
7.806853179699999590e-01
6.257914777499999914e-01
8.364699423700000525e-01
8.838753006699999748e-01
6.550919233099999905e-01
6.924437614399999719e-01
7.642567886600000193e-01
8.758952847800000052e-01
6.982771481099999678e-01
7.876647064199999715e-01
5.329386681000000126e-01
5.375685401899999993e-01
7.575940936699999684e-01
7.950655738599999856e-01
7.958001091899999935e-01
9.128882055600000545e-01
8.652987291399999448e-01
8.291458691199999897e-01
7.745949245300000063e-01
7.711852771499999593e-01
7.836797942300000042e-01
8.205389849399999935e-01
7.567672600699999474e-01
7.216067933399999967e-01
7.922423538399999687e-01
5.733304334800000124e-01
9.078622746700000246e-01
8.573073086800000464e-01
8.020634291499999513e-01
8.184606423100000416e-01
7.581628817700000189e-01
6.554469193599999910e-01
7.895542343900000537e-01
8.536960143599999773e-01
8.028026742699999607e-01
7.432603681499999615e-01
8.965585073799999805e-01
6.459379174799999568e-01
6.372926390900000015e-01
7.825640374500000274e-01
7.529955316699999956e-01
