6.491230130195617676e-01
8.246447443962097168e-01
7.790672183036804199e-01
7.580668330192565918e-01
7.353986501693725586e-01
5.302656292915344238e-01
7.570627331733703613e-01
7.614169716835021973e-01
7.815816998481750488e-01
8.889123797416687012e-01
8.111974000930786133e-01
8.302818536758422852e-01
9.034770727157592773e-01
7.846875190734863281e-01
5.709898471832275391e-01
8.236961960792541504e-01
6.653112173080444336e-01
7.828170061111450195e-01
8.283985853195190430e-01
8.567140698432922363e-01
8.634904623031616211e-01
8.117226362228393555e-01
5.734566450119018555e-01
7.369136810302734375e-01
8.141382336616516113e-01
8.059305548667907715e-01
7.756230831146240234e-01
6.572088003158569336e-01
8.685771226882934570e-01
7.779564857482910156e-01
6.477510929107666016e-01
7.227578759193420410e-01
5.941456556320190430e-01
8.714490532875061035e-01
8.769428730010986328e-01
8.967489600181579590e-01
8.014154434204101562e-01
8.088173866271972656e-01
5.930496454238891602e-01
8.202883601188659668e-01
6.401325464248657227e-01
8.422380089759826660e-01
8.167825341224670410e-01
8.152584433555603027e-01
6.523502469062805176e-01
9.045148491859436035e-01
8.721350431442260742e-01
7.830525040626525879e-01
5.324123501777648926e-01
7.353972792625427246e-01
8.786444664001464844e-01
5.875854492187500000e-01
5.791146755218505859e-01
8.804916143417358398e-01
8.340196013450622559e-01
8.415385484695434570e-01
7.963505983352661133e-01
7.894173860549926758e-01
7.694580554962158203e-01
7.656745314598083496e-01
5.679026246070861816e-01
5.156868696212768555e-01
6.413300037384033203e-01
6.954613924026489258e-01
6.392892599105834961e-01
7.818930149078369141e-01
7.751120328903198242e-01
8.492036461830139160e-01
7.476740479469299316e-01
8.893656730651855469e-01
7.668378949165344238e-01
5.614935755729675293e-01
6.100595593452453613e-01
7.038992047309875488e-01
8.443297743797302246e-01
7.575711011886596680e-01
8.103428483009338379e-01
8.421078324317932129e-01
7.643359303474426270e-01
6.411796212196350098e-01
6.301859617233276367e-01
9.113696813583374023e-01
8.818848729133605957e-01
7.722324132919311523e-01
8.448411822319030762e-01
7.376387119293212891e-01
6.369000077247619629e-01
7.855666875839233398e-01
7.251839637756347656e-01
9.107918143272399902e-01
8.439127206802368164e-01
7.761266827583312988e-01
7.145907878875732422e-01
8.478581905364990234e-01
5.585979223251342773e-01
8.533794879913330078e-01
7.606796026229858398e-01
8.659970760345458984e-01
8.363279700279235840e-01
6.579194664955139160e-01
7.863650321960449219e-01
8.053427338600158691e-01
7.840482592582702637e-01
7.612003087997436523e-01
6.739293336868286133e-01
8.744792342185974121e-01
6.389858722686767578e-01
6.376256942749023438e-01
8.188377618789672852e-01
8.631522655487060547e-01
8.452441692352294922e-01
7.198579907417297363e-01
7.721588611602783203e-01
7.343583106994628906e-01
7.346605062484741211e-01
8.082022070884704590e-01
6.027576327323913574e-01
7.550415992736816406e-01
8.872889876365661621e-01
8.820734024047851562e-01
8.552092313766479492e-01
7.834506034851074219e-01
6.909713745117187500e-01
8.639795184135437012e-01
7.457116246223449707e-01
7.678620219230651855e-01
7.858933210372924805e-01
7.831583619117736816e-01
8.703342676162719727e-01
8.110271692276000977e-01
8.510949015617370605e-01
8.607467412948608398e-01
5.961909890174865723e-01
8.457894921302795410e-01
5.637765526771545410e-01
8.714380860328674316e-01
6.793699860572814941e-01
8.837510347366333008e-01
9.113283157348632812e-01
4.533120095729827881e-01
6.978557109832763672e-01
8.052392005920410156e-01
9.108424782752990723e-01
8.429305553436279297e-01
7.248894572257995605e-01
6.966617107391357422e-01
7.606751918792724609e-01
8.401148319244384766e-01
8.641323447227478027e-01
8.159182667732238770e-01
8.500847816467285156e-01
7.506498098373413086e-01
8.372170329093933105e-01
5.121149420738220215e-01
7.963798642158508301e-01
8.561146259307861328e-01
6.947914361953735352e-01
6.675774455070495605e-01
8.435640931129455566e-01
8.214086294174194336e-01
8.957563638687133789e-01
8.073991537094116211e-01
6.151571869850158691e-01
8.716194629669189453e-01
8.988255858421325684e-01
7.373524308204650879e-01
8.767147064208984375e-01
8.311519026756286621e-01
6.446804404258728027e-01
6.037024259567260742e-01
7.962800264358520508e-01
4.684349596500396729e-01
6.486406922340393066e-01
8.662707209587097168e-01
8.225367665290832520e-01
8.379312157630920410e-01
8.691974282264709473e-01
8.022762537002563477e-01
8.318135738372802734e-01
8.793162107467651367e-01
7.491755485534667969e-01
8.304571509361267090e-01
7.170781493186950684e-01
8.707081079483032227e-01
5.837739109992980957e-01
6.548749208450317383e-01
5.399757027626037598e-01
8.224941492080688477e-01
8.518891334533691406e-01
8.076633810997009277e-01
9.099968671798706055e-01
5.720651745796203613e-01
7.161484956741333008e-01
8.627231717109680176e-01
7.624814510345458984e-01
8.786564469337463379e-01
8.868917822837829590e-01
7.777373194694519043e-01
7.495514154434204102e-01
8.394650220870971680e-01
7.667632699012756348e-01
7.393643260002136230e-01
8.523575067520141602e-01
8.703435063362121582e-01
8.988199234008789062e-01
7.430554628372192383e-01
6.342194676399230957e-01
8.039169311523437500e-01
9.022116065025329590e-01
7.737601995468139648e-01
5.232259631156921387e-01
7.920079827308654785e-01
7.150911092758178711e-01
6.547009944915771484e-01
8.722901940345764160e-01
8.859362602233886719e-01
8.492514491081237793e-01
7.164885997772216797e-01
8.351559638977050781e-01
5.604354143142700195e-01
8.990660905838012695e-01
5.619962215423583984e-01
7.210502028465270996e-01
8.120567798614501953e-01
6.312799453735351562e-01
7.874392271041870117e-01
6.473863124847412109e-01
8.400164246559143066e-01
6.393110156059265137e-01
6.238061189651489258e-01
7.329043149948120117e-01
8.827607631683349609e-01
8.633066415786743164e-01
8.966964483261108398e-01
8.510843515396118164e-01
7.634735107421875000e-01
7.888821363449096680e-01
7.551819682121276855e-01
7.581500411033630371e-01
8.065840005874633789e-01
5.700644254684448242e-01
7.162462472915649414e-01
8.335386514663696289e-01
6.915986537933349609e-01
8.355367183685302734e-01
8.595430850982666016e-01
7.540252208709716797e-01
5.329729914665222168e-01
8.560614585876464844e-01
7.103689312934875488e-01
4.850096702575683594e-01
7.899835705757141113e-01
7.878565788269042969e-01
8.408716320991516113e-01
6.609842777252197266e-01
7.705588936805725098e-01
8.881453275680541992e-01
8.370490670204162598e-01
7.809419035911560059e-01
8.829033374786376953e-01
6.230020523071289062e-01
8.518956303596496582e-01
4.786698818206787109e-01
7.838688492774963379e-01
5.916637182235717773e-01
8.171151876449584961e-01
5.553265213966369629e-01
7.500663995742797852e-01
7.676324248313903809e-01
7.096244692802429199e-01
7.813495397567749023e-01
8.975777626037597656e-01
7.686874270439147949e-01
5.427623391151428223e-01
6.905659437179565430e-01
8.218362331390380859e-01
5.792879462242126465e-01
5.497730374336242676e-01
5.598925948143005371e-01
8.383046388626098633e-01
5.333002805709838867e-01
8.147837519645690918e-01
7.732509970664978027e-01
6.830437779426574707e-01
8.933398127555847168e-01
6.806964278221130371e-01
8.015264868736267090e-01
8.575349450111389160e-01
8.203654885292053223e-01
8.668630719184875488e-01
6.154189705848693848e-01
7.871327996253967285e-01
8.793051242828369141e-01
9.043216705322265625e-01
6.787995696067810059e-01
6.703342199325561523e-01
7.789743542671203613e-01
7.757953405380249023e-01
6.593859791755676270e-01
8.859107494354248047e-01
8.839950561523437500e-01
8.463969230651855469e-01
8.560507297515869141e-01
7.547715306282043457e-01
7.874894738197326660e-01
7.726755738258361816e-01
7.490703463554382324e-01
7.114122509956359863e-01
8.067368865013122559e-01
7.998797893524169922e-01
5.650005340576171875e-01
5.264525413513183594e-01
6.589908599853515625e-01
8.484265208244323730e-01
8.186386227607727051e-01
9.059902429580688477e-01
7.766687273979187012e-01
8.569522500038146973e-01
5.198362469673156738e-01
6.471332311630249023e-01
8.394615650177001953e-01
7.259985208511352539e-01
6.506347060203552246e-01
8.077549338340759277e-01
7.107568383216857910e-01
8.790882825851440430e-01
6.334353685379028320e-01
7.773227691650390625e-01
8.497190475463867188e-01
8.378211855888366699e-01
8.378962874412536621e-01
8.135527968406677246e-01
6.448829174041748047e-01
8.267961740493774414e-01
7.792456150054931641e-01
8.544723391532897949e-01
7.598374485969543457e-01
8.388490676879882812e-01
7.202862501144409180e-01
7.729874849319458008e-01
4.755359590053558350e-01
7.117733359336853027e-01
4.901683628559112549e-01
7.327400445938110352e-01
7.542468309402465820e-01
7.168390750885009766e-01
7.982305288314819336e-01
8.086949586868286133e-01
6.810328364372253418e-01
8.411963582038879395e-01
8.144857883453369141e-01
8.648514151573181152e-01
8.181053400039672852e-01
5.928559303283691406e-01
6.590275764465332031e-01
7.399373650550842285e-01
8.470191359519958496e-01
8.360782861709594727e-01
8.127048611640930176e-01
7.831557989120483398e-01
7.505384683609008789e-01
6.628441810607910156e-01
7.904710173606872559e-01
8.256806135177612305e-01
8.916331529617309570e-01
8.022015690803527832e-01
5.390415787696838379e-01
8.172893524169921875e-01
9.023258090019226074e-01
7.851193547248840332e-01
8.582219481468200684e-01
6.352960467338562012e-01
8.235948085784912109e-01
8.081383705139160156e-01
7.453308105468750000e-01
6.677624583244323730e-01
7.867568135261535645e-01
7.668472528457641602e-01
9.146873354911804199e-01
8.740870356559753418e-01
8.871663808822631836e-01
6.975960731506347656e-01
6.586278080940246582e-01
7.126037478446960449e-01
5.495052933692932129e-01
7.255243659019470215e-01
7.639149427413940430e-01
7.333789467811584473e-01
6.701991558074951172e-01
8.100987672805786133e-01
8.613275289535522461e-01
5.707601904869079590e-01
5.860456824302673340e-01
7.973904013633728027e-01
7.653439044952392578e-01
7.786423563957214355e-01
7.485951781272888184e-01
8.617854118347167969e-01
8.755601048469543457e-01
8.827646374702453613e-01
6.082589030265808105e-01
6.326410770416259766e-01
7.562549710273742676e-01
8.803337216377258301e-01
8.374626636505126953e-01
6.859277486801147461e-01
5.256083011627197266e-01
7.449411153793334961e-01
7.666773200035095215e-01
8.335645198822021484e-01
6.515318751335144043e-01
7.093427181243896484e-01
7.949873208999633789e-01
5.603672862052917480e-01
8.938699364662170410e-01
8.215085268020629883e-01
7.982134222984313965e-01
8.721430301666259766e-01
9.194296002388000488e-01
8.325560688972473145e-01
4.522064030170440674e-01
7.427130341529846191e-01
5.733243227005004883e-01
7.548645138740539551e-01
7.806996107101440430e-01
7.481116652488708496e-01
6.367200016975402832e-01
8.105559349060058594e-01
5.839922428131103516e-01
5.162873268127441406e-01
5.891356468200683594e-01
8.331503868103027344e-01
8.772282004356384277e-01
7.421870827674865723e-01
6.466730237007141113e-01
6.281282305717468262e-01
5.104984045028686523e-01
7.596030831336975098e-01
7.923460602760314941e-01
8.261100649833679199e-01
8.139327764511108398e-01
7.820206284523010254e-01
7.363147139549255371e-01
7.667453885078430176e-01
6.034865379333496094e-01
4.436083137989044189e-01
8.483429551124572754e-01
8.890829682350158691e-01
9.120550751686096191e-01
8.071569204330444336e-01
7.685581445693969727e-01
8.623143434524536133e-01
8.130912184715270996e-01
5.909125208854675293e-01
8.176708221435546875e-01
8.912147283554077148e-01
7.574387788772583008e-01
7.607170343399047852e-01
7.414684295654296875e-01
8.972256779670715332e-01
8.537819981575012207e-01
7.671092152595520020e-01
7.937614917755126953e-01
8.620935678482055664e-01
4.984942078590393066e-01
6.868081092834472656e-01
6.764976382255554199e-01
7.964333295822143555e-01
6.069011688232421875e-01
5.762110948562622070e-01
8.243731856346130371e-01
8.113452792167663574e-01
8.384718894958496094e-01
9.051343202590942383e-01
7.021262049674987793e-01
8.225823044776916504e-01
7.961438894271850586e-01
5.277079343795776367e-01
8.600583672523498535e-01
8.129114508628845215e-01
7.216858863830566406e-01
8.153861165046691895e-01
7.333913445472717285e-01
6.666005253791809082e-01
7.921267151832580566e-01
7.727984786033630371e-01
8.112347722053527832e-01
7.650307416915893555e-01
7.617546916007995605e-01
8.499755263328552246e-01
6.571376919746398926e-01
7.600542306900024414e-01
7.066309452056884766e-01
8.623936772346496582e-01
8.397473692893981934e-01
8.999608159065246582e-01
8.718656897544860840e-01
5.289887189865112305e-01
8.545667529106140137e-01
6.276835203170776367e-01
7.910510897636413574e-01
8.768990039825439453e-01
7.785577774047851562e-01
8.899315595626831055e-01
6.546278595924377441e-01
7.675145864486694336e-01
8.069745898246765137e-01
8.210654854774475098e-01
7.886695861816406250e-01
7.379188537597656250e-01
6.550829410552978516e-01
7.738994359970092773e-01
7.991989254951477051e-01
7.862179279327392578e-01
8.425548672676086426e-01
7.953405380249023438e-01
6.587858200073242188e-01
8.489440083503723145e-01
6.073738932609558105e-01
7.610607743263244629e-01
8.356798291206359863e-01
7.373976707458496094e-01
6.893744468688964844e-01
8.143528103828430176e-01
8.606718182563781738e-01
9.021512269973754883e-01
7.654190659523010254e-01
6.470181345939636230e-01
8.667857050895690918e-01
7.949220538139343262e-01
4.526501297950744629e-01
8.658785223960876465e-01
7.598985433578491211e-01
7.613402605056762695e-01
8.935525417327880859e-01
8.612750768661499023e-01
7.103378772735595703e-01
8.897557854652404785e-01
6.458883285522460938e-01
8.375220894813537598e-01
7.160506844520568848e-01
8.763610124588012695e-01
7.037658095359802246e-01
8.324751853942871094e-01
5.470069646835327148e-01
7.867568135261535645e-01
6.757495999336242676e-01
7.136624455451965332e-01
8.515046238899230957e-01
7.640657424926757812e-01
6.041288971900939941e-01
6.310147047042846680e-01
7.930606603622436523e-01
7.668875455856323242e-01
7.817405462265014648e-01
7.413095235824584961e-01
5.430815815925598145e-01
8.370620012283325195e-01
6.628741621971130371e-01
6.770716905593872070e-01
8.160485625267028809e-01
8.878980875015258789e-01
7.760986089706420898e-01
7.934144735336303711e-01
6.454843878746032715e-01
5.589321255683898926e-01
6.296599507331848145e-01
7.508167624473571777e-01
8.740497827529907227e-01
7.721844315528869629e-01
8.964224457740783691e-01
8.327646851539611816e-01
8.578028678894042969e-01
4.764970541000366211e-01
7.936647534370422363e-01
7.791897058486938477e-01
7.087041735649108887e-01
7.950821518898010254e-01
7.953378558158874512e-01
6.438177824020385742e-01
6.532189249992370605e-01
8.780882358551025391e-01
9.022988677024841309e-01
5.759726762771606445e-01
8.118435740470886230e-01
5.420740246772766113e-01
8.262296319007873535e-01
8.797338604927062988e-01
8.121691942214965820e-01
8.245304822921752930e-01
7.923784255981445312e-01
6.427761316299438477e-01
4.492170214653015137e-01
4.102005660533905029e-01
7.413009405136108398e-01
7.626831531524658203e-01
7.066364884376525879e-01
7.715715765953063965e-01
4.777564704418182373e-01
6.668012142181396484e-01
8.319916129112243652e-01
7.390033006668090820e-01
5.912381410598754883e-01
8.993219137191772461e-01
4.389651715755462646e-01
7.788673043251037598e-01
7.042977809906005859e-01
8.652269840240478516e-01
6.665019989013671875e-01
6.908801794052124023e-01
4.687676429748535156e-01
7.998179793357849121e-01
8.712482452392578125e-01
8.500931859016418457e-01
7.574506998062133789e-01
8.095303773880004883e-01
7.266919016838073730e-01
8.396094441413879395e-01
5.827729105949401855e-01
7.450868487358093262e-01
8.175986409187316895e-01
8.181312680244445801e-01
7.669501304626464844e-01
7.854563593864440918e-01
7.695103287696838379e-01
8.016341924667358398e-01
7.870243787765502930e-01
8.143111467361450195e-01
8.235265016555786133e-01
8.808581233024597168e-01
8.773216009140014648e-01
8.038289546966552734e-01
8.410130143165588379e-01
8.915953040122985840e-01
8.262427449226379395e-01
5.477047562599182129e-01
8.018868565559387207e-01
7.620204091072082520e-01
8.066074252128601074e-01
8.894690871238708496e-01
4.337927699089050293e-01
7.721956372261047363e-01
6.841625571250915527e-01
5.984560847282409668e-01
8.791286349296569824e-01
4.886025786399841309e-01
8.629711270332336426e-01
8.882362246513366699e-01
5.949607491493225098e-01
8.839544057846069336e-01
9.098504185676574707e-01
8.759013414382934570e-01
6.768088936805725098e-01
8.502773046493530273e-01
8.657401800155639648e-01
7.347018718719482422e-01
6.208682060241699219e-01
7.923952937126159668e-01
8.427954912185668945e-01
5.090907812118530273e-01
6.967020630836486816e-01
8.456982970237731934e-01
7.899150848388671875e-01
8.944013118743896484e-01
6.952458620071411133e-01
9.036720991134643555e-01
8.700726032257080078e-01
8.550551533699035645e-01
8.201464414596557617e-01
7.109848260879516602e-01
8.005456924438476562e-01
5.519596338272094727e-01
8.966900706291198730e-01
8.745310306549072266e-01
8.971089124679565430e-01
6.849855184555053711e-01
7.588045001029968262e-01
7.934325933456420898e-01
6.240237355232238770e-01
8.252909779548645020e-01
7.296117544174194336e-01
7.665750384330749512e-01
8.346500396728515625e-01
6.921196579933166504e-01
8.732684850692749023e-01
8.932871818542480469e-01
8.170202970504760742e-01
8.765606284141540527e-01
6.335276365280151367e-01
8.106810450553894043e-01
6.794830560684204102e-01
5.559253096580505371e-01
9.087334275245666504e-01
7.720208764076232910e-01
8.086214661598205566e-01
7.899211049079895020e-01
7.820667624473571777e-01
7.580303549766540527e-01
8.618454337120056152e-01
8.109664320945739746e-01
8.334180712699890137e-01
8.079633712768554688e-01
8.892232179641723633e-01
7.867568135261535645e-01
7.749001979827880859e-01
7.130329012870788574e-01
6.807395815849304199e-01
8.513599038124084473e-01
8.154159188270568848e-01
8.715438842773437500e-01
7.905493974685668945e-01
7.868062257766723633e-01
8.647305965423583984e-01
7.499898076057434082e-01
7.689796090126037598e-01
6.343868970870971680e-01
7.880992889404296875e-01
8.396854400634765625e-01
5.729938149452209473e-01
8.775837421417236328e-01
7.232444882392883301e-01
8.839471340179443359e-01
8.749650120735168457e-01
8.600059151649475098e-01
9.030501842498779297e-01
6.878286600112915039e-01
7.103745937347412109e-01
6.509647965431213379e-01
6.162186861038208008e-01
7.675606012344360352e-01
8.158599734306335449e-01
7.075387835502624512e-01
7.362953424453735352e-01
8.818966746330261230e-01
7.982830405235290527e-01
6.815136671066284180e-01
5.384238958358764648e-01
5.132648348808288574e-01
5.739889740943908691e-01
8.888952136039733887e-01
8.090920448303222656e-01
8.332311511039733887e-01
8.429423570632934570e-01
8.894568085670471191e-01
7.559040784835815430e-01
8.219705224037170410e-01
6.795873641967773438e-01
7.549583911895751953e-01
7.703493833541870117e-01
6.619658470153808594e-01
8.592035174369812012e-01
8.835005760192871094e-01
9.182662963867187500e-01
7.093868255615234375e-01
7.960619926452636719e-01
6.601520180702209473e-01
6.618745326995849609e-01
8.505514264106750488e-01
5.756068825721740723e-01
5.838806033134460449e-01
8.370498418807983398e-01
7.446521520614624023e-01
5.839080810546875000e-01
6.879414916038513184e-01
7.243980169296264648e-01
8.253799080848693848e-01
6.740922331809997559e-01
6.598609089851379395e-01
7.468904256820678711e-01
6.710512042045593262e-01
6.230320334434509277e-01
8.541825413703918457e-01
7.740503549575805664e-01
4.984788894653320312e-01
7.909024953842163086e-01
9.084828495979309082e-01
8.146845102310180664e-01
8.483736515045166016e-01
8.655819296836853027e-01
8.242300748825073242e-01
5.981207489967346191e-01
6.050990819931030273e-01
8.382447957992553711e-01
7.932358980178833008e-01
7.258333563804626465e-01
7.938644289970397949e-01
8.329104781150817871e-01
8.861513733863830566e-01
7.830531001091003418e-01
7.243776321411132812e-01
5.306726694107055664e-01
8.674308657646179199e-01
8.489713668823242188e-01
8.031907677650451660e-01
8.465080857276916504e-01
9.013015031814575195e-01
9.002171158790588379e-01
8.161283135414123535e-01
6.612656712532043457e-01
8.296076059341430664e-01
8.641849756240844727e-01
7.665156722068786621e-01
6.491044163703918457e-01
8.958864212036132812e-01
8.729766011238098145e-01
7.275170087814331055e-01
7.282793521881103516e-01
4.903861880302429199e-01
8.589211106300354004e-01
6.359914541244506836e-01
8.942856788635253906e-01
8.238844871520996094e-01
8.235452175140380859e-01
6.065578460693359375e-01
8.399357795715332031e-01
8.194186687469482422e-01
9.055817723274230957e-01
7.902444005012512207e-01
5.743411779403686523e-01
8.823209404945373535e-01
7.637364864349365234e-01
8.968610763549804688e-01
7.881476879119873047e-01
6.904726028442382812e-01
8.818739056587219238e-01
7.786190509796142578e-01
7.850691676139831543e-01
7.512213587760925293e-01
8.545002937316894531e-01
6.074020266532897949e-01
9.009682536125183105e-01
7.748784422874450684e-01
8.013309836387634277e-01
4.520012140274047852e-01
7.904348373413085938e-01
8.514019846916198730e-01
8.351857662200927734e-01
8.272902965545654297e-01
7.969052195549011230e-01
7.878090143203735352e-01
8.198700547218322754e-01
7.648655176162719727e-01
5.500524044036865234e-01
6.450892090797424316e-01
6.422079801559448242e-01
7.821448445320129395e-01
7.024151682853698730e-01
7.893247008323669434e-01
6.153625845909118652e-01
5.085716843605041504e-01
8.019161224365234375e-01
8.985903859138488770e-01
7.551320791244506836e-01
8.969939947128295898e-01
8.261080980300903320e-01
8.440752625465393066e-01
8.215885162353515625e-01
8.762619495391845703e-01
8.167138695716857910e-01
8.009043335914611816e-01
7.842181921005249023e-01
7.874921560287475586e-01
9.032106399536132812e-01
7.886319160461425781e-01
8.964373469352722168e-01
8.800398111343383789e-01
6.267279982566833496e-01
8.409494161605834961e-01
7.264651060104370117e-01
6.235404014587402344e-01
7.583245038986206055e-01
9.220656752586364746e-01
7.407846450805664062e-01
8.185713887214660645e-01
7.539546489715576172e-01
9.033670425415039062e-01
7.888867259025573730e-01
7.758094072341918945e-01
8.281351327896118164e-01
8.198374509811401367e-01
8.832680583000183105e-01
9.122976660728454590e-01
8.866527676582336426e-01
7.622398734092712402e-01
7.552893161773681641e-01
8.828701972961425781e-01
6.064291000366210938e-01
7.848682999610900879e-01
8.547779917716979980e-01
8.528918623924255371e-01
7.276358604431152344e-01
8.894701600074768066e-01
7.255141735076904297e-01
9.038770794868469238e-01
8.281947970390319824e-01
8.270938396453857422e-01
8.554896712303161621e-01
7.661234736442565918e-01
7.472583055496215820e-01
7.226884961128234863e-01
7.601845264434814453e-01
6.080568432807922363e-01
8.463726639747619629e-01
8.135693073272705078e-01
7.598816156387329102e-01
7.243244051933288574e-01
8.067496418952941895e-01
8.945489525794982910e-01
8.139858245849609375e-01
8.450840115547180176e-01
8.792731165885925293e-01
8.167531490325927734e-01
8.419258594512939453e-01
7.607273459434509277e-01
5.224878191947937012e-01
7.840514183044433594e-01
7.066930532455444336e-01
7.989686727523803711e-01
7.694015502929687500e-01
7.962458729743957520e-01
4.979642927646636963e-01
6.568035483360290527e-01
7.568359375000000000e-01
8.925229310989379883e-01
8.097888827323913574e-01
5.909737944602966309e-01
6.897096633911132812e-01
7.637294530868530273e-01
8.085129261016845703e-01
8.081488013267517090e-01
5.966203808784484863e-01
9.022052288055419922e-01
8.314669132232666016e-01
6.852915883064270020e-01
8.639323711395263672e-01
5.269950032234191895e-01
6.553066372871398926e-01
8.140630722045898438e-01
8.048484921455383301e-01
7.046725749969482422e-01
7.020214796066284180e-01
6.518170237541198730e-01
8.573167920112609863e-01
7.611835002899169922e-01
8.025593757629394531e-01
8.088657855987548828e-01
6.444007754325866699e-01
8.038226962089538574e-01
6.861273646354675293e-01
7.147654891014099121e-01
6.155851483345031738e-01
8.198405504226684570e-01
5.023226141929626465e-01
8.227074742317199707e-01
8.124821186065673828e-01
7.810981273651123047e-01
7.858495712280273438e-01
6.373922824859619141e-01
7.745286822319030762e-01
7.322670221328735352e-01
7.454980015754699707e-01
7.482119798660278320e-01
8.898997306823730469e-01
8.523553013801574707e-01
6.717078685760498047e-01
7.226184606552124023e-01
5.879695415496826172e-01
8.594168424606323242e-01
7.688984870910644531e-01
7.735638618469238281e-01
8.789857029914855957e-01
7.124090790748596191e-01
8.009579181671142578e-01
7.602687478065490723e-01
6.995391845703125000e-01
7.801765799522399902e-01
7.398542165756225586e-01
7.788966298103332520e-01
8.862290978431701660e-01
8.576356768608093262e-01
8.537884354591369629e-01
8.642807006835937500e-01
8.509734272956848145e-01
6.543105244636535645e-01
7.233948111534118652e-01
8.772056698799133301e-01
8.134639263153076172e-01
6.963725090026855469e-01
5.341547727584838867e-01
8.575249314308166504e-01
8.633728027343750000e-01
8.609808683395385742e-01
8.495470881462097168e-01
6.011220812797546387e-01
7.883685827255249023e-01
7.883368730545043945e-01
6.268056035041809082e-01
6.339350938796997070e-01
8.997189402580261230e-01
5.243530869483947754e-01
6.915633678436279297e-01
6.622585654258728027e-01
8.617900609970092773e-01
7.528520822525024414e-01
7.662947177886962891e-01
8.893241882324218750e-01
8.607183694839477539e-01
8.145181536674499512e-01
5.785990357398986816e-01
8.672775030136108398e-01
8.834421038627624512e-01
7.467130422592163086e-01
5.014997124671936035e-01
8.631991744041442871e-01
8.951342701911926270e-01
8.719642162322998047e-01
5.495561361312866211e-01
5.508109927177429199e-01
7.447688579559326172e-01
7.840394973754882812e-01
4.758010506629943848e-01
8.856666088104248047e-01
7.794737219810485840e-01
7.131426334381103516e-01
6.870685815811157227e-01
8.477861881256103516e-01
6.097956299781799316e-01
6.711907982826232910e-01
5.244620442390441895e-01
7.259630560874938965e-01
5.931239128112792969e-01
7.946979403495788574e-01
7.332900166511535645e-01
6.494154334068298340e-01
7.214483618736267090e-01
8.444881439208984375e-01
5.306543707847595215e-01
6.637594103813171387e-01
8.346232771873474121e-01
8.554877042770385742e-01
8.252735733985900879e-01
6.826306581497192383e-01
5.284628868103027344e-01
7.674345374107360840e-01
8.810830712318420410e-01
8.510746955871582031e-01
7.430190443992614746e-01
7.742344737052917480e-01
8.356126546859741211e-01
8.686390519142150879e-01
7.869044542312622070e-01
6.746273040771484375e-01
8.846005201339721680e-01
7.332295775413513184e-01
8.521120548248291016e-01
6.972496509552001953e-01
7.489966154098510742e-01
6.356396079063415527e-01
7.602652907371520996e-01
8.128608465194702148e-01
7.107048034667968750e-01
7.563451528549194336e-01
7.259594202041625977e-01
7.216912508010864258e-01
7.919402122497558594e-01
5.838441252708435059e-01
8.221326470375061035e-01
6.069032549858093262e-01
8.552243709564208984e-01
7.966068983078002930e-01
8.762402534484863281e-01
9.172051548957824707e-01
6.076347827911376953e-01
7.632785439491271973e-01
5.278847813606262207e-01
7.752488851547241211e-01
5.520203709602355957e-01
7.532450556755065918e-01
4.732770919799804688e-01
9.100103378295898438e-01
8.959099650382995605e-01
8.018009662628173828e-01
7.599125504493713379e-01
8.254886269569396973e-01
7.827857732772827148e-01
7.754480242729187012e-01
8.562612533569335938e-01
6.994435787200927734e-01
6.953952908515930176e-01
8.362538218498229980e-01
7.972593903541564941e-01
7.393841147422790527e-01
8.285734057426452637e-01
7.594064474105834961e-01
8.996422290802001953e-01
8.524798154830932617e-01
6.694043874740600586e-01
7.908843159675598145e-01
8.776454925537109375e-01
8.003817796707153320e-01
6.850781440734863281e-01
7.825515866279602051e-01
8.852530121803283691e-01
7.017728686332702637e-01
7.659822106361389160e-01
7.529953122138977051e-01
8.765944242477416992e-01
7.924996614456176758e-01
6.222590208053588867e-01
8.287914395332336426e-01
6.079998612403869629e-01
8.291002511978149414e-01
8.591784834861755371e-01
8.042817711830139160e-01
8.394037485122680664e-01
7.919526100158691406e-01
7.949020266532897949e-01
4.589846730232238770e-01
6.221317052841186523e-01
7.597396969795227051e-01
6.197227239608764648e-01
7.050251960754394531e-01
5.212597250938415527e-01
6.714586019515991211e-01
7.082986831665039062e-01
8.313330411911010742e-01
5.719614028930664062e-01
8.667359352111816406e-01
8.861278891563415527e-01
7.770602107048034668e-01
8.428568840026855469e-01
5.180277824401855469e-01
7.775802612304687500e-01
8.353058099746704102e-01
8.565356731414794922e-01
7.974089980125427246e-01
5.613260269165039062e-01
5.003406405448913574e-01
8.557174801826477051e-01
8.147627115249633789e-01
8.261552453041076660e-01
8.102558851242065430e-01
7.803807854652404785e-01
7.745867967605590820e-01
8.778525590896606445e-01
8.301041126251220703e-01
8.307604789733886719e-01
8.172501921653747559e-01
8.765582442283630371e-01
7.485297322273254395e-01
5.694276690483093262e-01
5.540760755538940430e-01
8.777217268943786621e-01
8.649030327796936035e-01
7.659158706665039062e-01
6.712367534637451172e-01
7.732757925987243652e-01
8.581190705299377441e-01
7.003316283226013184e-01
7.568181157112121582e-01
7.255772948265075684e-01
7.086948752403259277e-01
8.899278044700622559e-01
7.455861568450927734e-01
7.937380075454711914e-01
7.521395683288574219e-01
8.383109569549560547e-01
5.389758348464965820e-01
7.968375682830810547e-01
6.629385948181152344e-01
8.504975438117980957e-01
8.874226212501525879e-01
7.758550047874450684e-01
7.952383756637573242e-01
7.178627848625183105e-01
7.714873552322387695e-01
7.353142499923706055e-01
6.669921875000000000e-01
6.649913787841796875e-01
6.879269480705261230e-01
5.046113729476928711e-01
8.169159293174743652e-01
5.440606474876403809e-01
7.171280384063720703e-01
8.534253835678100586e-01
6.338101625442504883e-01
8.031526803970336914e-01
8.178446292877197266e-01
7.040295600891113281e-01
7.301480174064636230e-01
8.512561917304992676e-01
7.644436359405517578e-01
7.853130698204040527e-01
5.027237534523010254e-01
6.483749151229858398e-01
8.033204674720764160e-01
7.614210247993469238e-01
7.101415395736694336e-01
8.460923433303833008e-01
6.192734837532043457e-01
8.417965173721313477e-01
5.975617766380310059e-01
6.105116009712219238e-01
6.492584347724914551e-01
6.768450736999511719e-01
8.196992874145507812e-01
7.785484790802001953e-01
6.425676941871643066e-01
8.744741082191467285e-01
7.577615380287170410e-01
7.027773857116699219e-01
8.313516378402709961e-01
7.440388798713684082e-01
7.797536849975585938e-01
6.889441013336181641e-01
9.046448469161987305e-01
7.684159278869628906e-01
8.991416692733764648e-01
8.997063040733337402e-01
8.082600235939025879e-01
5.931230783462524414e-01
9.072844386100769043e-01
8.723054528236389160e-01
8.565517067909240723e-01
7.693998217582702637e-01
6.936927437782287598e-01
9.186785221099853516e-01
8.239518404006958008e-01
9.141856431961059570e-01
8.174102902412414551e-01
7.271357774734497070e-01
7.432281374931335449e-01
8.943234682083129883e-01
5.945915579795837402e-01
8.512188196182250977e-01
8.027695417404174805e-01
8.650492429733276367e-01
8.113238215446472168e-01
7.256501913070678711e-01
8.435053825378417969e-01
6.540157198905944824e-01
8.788116574287414551e-01
8.342868685722351074e-01
7.982285618782043457e-01
8.066257834434509277e-01
6.041429638862609863e-01
8.856890797615051270e-01
7.688627243041992188e-01
6.813042163848876953e-01
8.225578665733337402e-01
5.893975496292114258e-01
7.503295540809631348e-01
8.186973333358764648e-01
8.570581078529357910e-01
7.815523743629455566e-01
8.839452266693115234e-01
8.241273164749145508e-01
7.815232276916503906e-01
7.945373058319091797e-01
6.337137818336486816e-01
6.742329001426696777e-01
8.227242231369018555e-01
8.393671512603759766e-01
8.211193084716796875e-01
7.727121710777282715e-01
7.261724472045898438e-01
6.987721920013427734e-01
8.386996984481811523e-01
8.833115696907043457e-01
7.881177663803100586e-01
8.106293678283691406e-01
7.814862728118896484e-01
7.953947186470031738e-01
8.223163485527038574e-01
8.426259160041809082e-01
7.829757928848266602e-01
8.618546724319458008e-01
8.632530570030212402e-01
8.282478451728820801e-01
8.897127509117126465e-01
7.179015278816223145e-01
8.705163598060607910e-01
8.166727423667907715e-01
7.991234064102172852e-01
6.717550754547119141e-01
5.920460224151611328e-01
5.689786672592163086e-01
8.245274424552917480e-01
8.431285619735717773e-01
6.401500105857849121e-01
4.930758774280548096e-01
8.832782506942749023e-01
7.052155137062072754e-01
8.190378546714782715e-01
6.400222778320312500e-01
8.222274184226989746e-01
7.276967167854309082e-01
9.137471318244934082e-01
8.441815972328186035e-01
8.100505471229553223e-01
8.671681880950927734e-01
7.933030724525451660e-01
7.592761516571044922e-01
8.285852074623107910e-01
8.157408237457275391e-01
8.495470881462097168e-01
4.763132035732269287e-01
7.085635066032409668e-01
7.883806824684143066e-01
6.332975029945373535e-01
8.520910739898681641e-01
8.024348616600036621e-01
7.953944802284240723e-01
6.098320484161376953e-01
5.820391178131103516e-01
7.398134469985961914e-01
8.494298458099365234e-01
7.654685974121093750e-01
5.743610858917236328e-01
5.268494486808776855e-01
6.779535412788391113e-01
4.715891182422637939e-01
7.558709383010864258e-01
8.852511644363403320e-01
8.714757561683654785e-01
6.759625673294067383e-01
8.355213403701782227e-01
8.250286579132080078e-01
7.378280162811279297e-01
5.724524855613708496e-01
8.886733651161193848e-01
6.854257583618164062e-01
4.296570420265197754e-01
8.066995739936828613e-01
8.873466253280639648e-01
4.981745779514312744e-01
7.193198800086975098e-01
8.849519491195678711e-01
6.825181245803833008e-01
6.448042392730712891e-01
5.241938233375549316e-01
8.325623869895935059e-01
5.327060222625732422e-01
8.473424315452575684e-01
7.547829151153564453e-01
6.533179283142089844e-01
7.735656499862670898e-01
7.896295785903930664e-01
8.296919465065002441e-01
8.643473386764526367e-01
6.217672228813171387e-01
7.948892116546630859e-01
5.507540702819824219e-01
8.727089166641235352e-01
8.233142495155334473e-01
9.043523669242858887e-01
7.678843736648559570e-01
7.733650803565979004e-01
8.254802823066711426e-01
7.862849831581115723e-01
8.207163810729980469e-01
8.687528967857360840e-01
7.338429093360900879e-01
5.682459473609924316e-01
8.418595790863037109e-01
8.081436753273010254e-01
7.596872448921203613e-01
9.104263186454772949e-01
7.838719487190246582e-01
8.916107416152954102e-01
8.560205698013305664e-01
8.951554298400878906e-01
7.012148499488830566e-01
7.926259040832519531e-01
7.349932789802551270e-01
8.511298298835754395e-01
7.557144761085510254e-01
9.035279154777526855e-01
7.843505740165710449e-01
8.422934412956237793e-01
6.986742019653320312e-01
8.833083510398864746e-01
6.384999752044677734e-01
6.339852213859558105e-01
8.517882227897644043e-01
8.651168346405029297e-01
6.986128687858581543e-01
8.647841811180114746e-01
8.233245015144348145e-01
7.827754020690917969e-01
7.872478961944580078e-01
6.418393850326538086e-01
5.460587143898010254e-01
7.943022847175598145e-01
7.167168855667114258e-01
7.984269261360168457e-01
7.746651172637939453e-01
6.197755932807922363e-01
8.214958906173706055e-01
7.403400540351867676e-01
9.096775054931640625e-01
7.125043869018554688e-01
8.100048303604125977e-01
7.299424409866333008e-01
9.006517529487609863e-01
7.579025030136108398e-01
7.779641747474670410e-01
8.839014172554016113e-01
8.827481269836425781e-01
7.495118975639343262e-01
7.749817371368408203e-01
7.615864276885986328e-01
8.563351631164550781e-01
5.900319218635559082e-01
8.514187932014465332e-01
8.923274278640747070e-01
7.058983445167541504e-01
8.930461406707763672e-01
5.484257936477661133e-01
7.566967010498046875e-01
8.900184631347656250e-01
8.926510810852050781e-01
8.524717092514038086e-01
4.694715440273284912e-01
7.151449918746948242e-01
8.101492524147033691e-01
7.216045856475830078e-01
8.178810477256774902e-01
5.188356041908264160e-01
7.549738883972167969e-01
7.768067121505737305e-01
9.038505554199218750e-01
5.310736298561096191e-01
5.816834568977355957e-01
8.618648648262023926e-01
8.800774812698364258e-01
8.797356486320495605e-01
8.059777021408081055e-01
6.953410506248474121e-01
6.202654242515563965e-01
8.343449234962463379e-01
7.891138792037963867e-01
6.586014032363891602e-01
6.365202069282531738e-01
8.037070631980895996e-01
7.795771360397338867e-01
7.269298434257507324e-01
6.791130304336547852e-01
7.711827754974365234e-01
6.791385412216186523e-01
8.325974941253662109e-01
8.895361423492431641e-01
7.899517416954040527e-01
7.701560854911804199e-01
8.076285719871520996e-01
8.768837451934814453e-01
8.667975664138793945e-01
8.598905205726623535e-01
6.332003474235534668e-01
8.337480425834655762e-01
8.194347023963928223e-01
5.634411573410034180e-01
8.635160326957702637e-01
8.112491369247436523e-01
9.014053940773010254e-01
8.179970383644104004e-01
4.969434142112731934e-01
7.455792427062988281e-01
7.923947572708129883e-01
9.127213954925537109e-01
6.512465476989746094e-01
8.157570362091064453e-01
7.572343945503234863e-01
8.318232297897338867e-01
7.801672220230102539e-01
5.799645185470581055e-01
9.024298191070556641e-01
7.053244709968566895e-01
5.957505702972412109e-01
8.957876563072204590e-01
8.851529955863952637e-01
8.815807104110717773e-01
7.403172850608825684e-01
7.031211853027343750e-01
5.265429615974426270e-01
7.086722850799560547e-01
9.225458502769470215e-01
5.408658981323242188e-01
8.180776238441467285e-01
7.886104583740234375e-01
8.141651749610900879e-01
8.838589787483215332e-01
7.785825133323669434e-01
8.598879575729370117e-01
7.952831983566284180e-01
5.321760177612304688e-01
7.010306715965270996e-01
9.068026542663574219e-01
6.438948512077331543e-01
6.616553068161010742e-01
8.542544245719909668e-01
7.249110341072082520e-01
7.482677102088928223e-01
6.093046665191650391e-01
5.381550788879394531e-01
9.032958149909973145e-01
8.264883160591125488e-01
7.158353924751281738e-01
6.944564580917358398e-01
8.157995343208312988e-01
9.130215048789978027e-01
6.674752235412597656e-01
7.530182600021362305e-01
7.464711070060729980e-01
8.555752635002136230e-01
9.015702009201049805e-01
8.867149353027343750e-01
7.875252366065979004e-01
8.189070820808410645e-01
7.487955093383789062e-01
5.424185395240783691e-01
7.726591229438781738e-01
7.375141978263854980e-01
7.838101983070373535e-01
8.124577403068542480e-01
8.916817307472229004e-01
6.598823070526123047e-01
7.317824363708496094e-01
8.257555961608886719e-01
8.662179708480834961e-01
6.815668940544128418e-01
7.135815024375915527e-01
5.893571376800537109e-01
8.722866177558898926e-01
7.291894555091857910e-01
8.997018337249755859e-01
