7.666991353034973145e-01
7.669590115547180176e-01
7.664757370948791504e-01
7.668570876121520996e-01
7.670515179634094238e-01
7.670301795005798340e-01
7.669853568077087402e-01
7.669352889060974121e-01
7.666732668876647949e-01
7.669978737831115723e-01
7.669723629951477051e-01
7.668424248695373535e-01
7.669542431831359863e-01
7.666624188423156738e-01
7.667465806007385254e-01
7.665831446647644043e-01
7.667670845985412598e-01
7.669307589530944824e-01
7.668365836143493652e-01
7.667610049247741699e-01
7.670317292213439941e-01
7.666413187980651855e-01
7.673379778861999512e-01
7.667894959449768066e-01
7.668779492378234863e-01
7.667030692100524902e-01
7.665480971336364746e-01
7.670947909355163574e-01
7.669232487678527832e-01
7.672056555747985840e-01
7.665262818336486816e-01
7.668583989143371582e-01
7.666545510292053223e-01
7.667385935783386230e-01
7.664909958839416504e-01
7.662797570228576660e-01
7.668065428733825684e-01
7.666490674018859863e-01
7.667892575263977051e-01
7.671511769294738770e-01
7.667786478996276855e-01
7.660430073738098145e-01
7.669439911842346191e-01
7.669352889060974121e-01
7.667240500450134277e-01
7.670070528984069824e-01
7.661752104759216309e-01
7.673224806785583496e-01
7.666731476783752441e-01
7.666901946067810059e-01
7.667513489723205566e-01
7.667327523231506348e-01
7.667308449745178223e-01
7.668516039848327637e-01
7.669073939323425293e-01
7.665557265281677246e-01
7.665137648582458496e-01
7.667381167411804199e-01
7.669518589973449707e-01
7.669826149940490723e-01
7.666457295417785645e-01
7.666937708854675293e-01
7.665284276008605957e-01
7.670769095420837402e-01
7.669282555580139160e-01
7.672008872032165527e-01
7.671312689781188965e-01
7.666118741035461426e-01
7.667170166969299316e-01
7.670288681983947754e-01
7.666543126106262207e-01
7.667478919029235840e-01
7.667770981788635254e-01
7.668419480323791504e-01
7.669790387153625488e-01
7.669089436531066895e-01
7.666155695915222168e-01
7.667037844657897949e-01
7.667929530143737793e-01
7.666980624198913574e-01
7.666304707527160645e-01
7.670273184776306152e-01
7.668333649635314941e-01
7.668978571891784668e-01
7.667091488838195801e-01
7.668457627296447754e-01
7.669424414634704590e-01
7.672210335731506348e-01
7.666067481040954590e-01
7.670931220054626465e-01
7.671378254890441895e-01
7.665728926658630371e-01
7.667343020439147949e-01
7.667744755744934082e-01
7.668176293373107910e-01
7.661857008934020996e-01
7.664131522178649902e-01
7.669947743415832520e-01
7.670243382453918457e-01
7.667654156684875488e-01
7.668531537055969238e-01
7.665365338325500488e-01
7.665901780128479004e-01
7.665956616401672363e-01
7.669861912727355957e-01
7.670312523841857910e-01
7.666150927543640137e-01
7.667338252067565918e-01
7.669339776039123535e-01
7.670397162437438965e-01
7.670778632164001465e-01
7.670409083366394043e-01
7.668038010597229004e-01
7.668729424476623535e-01
7.666103243827819824e-01
7.668974995613098145e-01
7.665616869926452637e-01
7.669126391410827637e-01
7.667904496192932129e-01
7.668258547782897949e-01
7.669361233711242676e-01
7.669027447700500488e-01
7.668867707252502441e-01
7.667477726936340332e-01
7.668638825416564941e-01
7.667512297630310059e-01
7.667635083198547363e-01
7.669082283973693848e-01
7.668429017066955566e-01
7.666721940040588379e-01
7.668327689170837402e-01
7.667767405509948730e-01
7.666752934455871582e-01
7.669230103492736816e-01
7.668070197105407715e-01
7.668319344520568848e-01
7.665511965751647949e-01
7.668719887733459473e-01
7.669758200645446777e-01
7.668719887733459473e-01
7.668629288673400879e-01
7.667612433433532715e-01
7.670827507972717285e-01
7.667935490608215332e-01
7.668252587318420410e-01
7.669250369071960449e-01
7.668974995613098145e-01
7.667497992515563965e-01
7.669358849525451660e-01
7.670661807060241699e-01
7.666246294975280762e-01
7.669536471366882324e-01
7.669448256492614746e-01
7.667297720909118652e-01
7.667595744132995605e-01
7.670246958732604980e-01
7.667111754417419434e-01
7.668913006782531738e-01
7.668873667716979980e-01
7.667654156684875488e-01
7.660499215126037598e-01
7.669389843940734863e-01
7.665844559669494629e-01
7.667281031608581543e-01
7.663243412971496582e-01
7.669133543968200684e-01
7.671701312065124512e-01
7.671025395393371582e-01
7.666941285133361816e-01
7.668698430061340332e-01
7.673075795173645020e-01
7.668898701667785645e-01
7.665877938270568848e-01
7.669222950935363770e-01
7.670606970787048340e-01
7.670449614524841309e-01
7.671059966087341309e-01
7.667229771614074707e-01
7.669873833656311035e-01
7.667222619056701660e-01
7.669191956520080566e-01
7.665109038352966309e-01
7.667078375816345215e-01
7.661007046699523926e-01
7.667439579963684082e-01
7.666701674461364746e-01
7.666620612144470215e-01
7.668953537940979004e-01
7.661736607551574707e-01
7.666854262351989746e-01
7.668522000312805176e-01
7.666403651237487793e-01
7.669904828071594238e-01
7.669764161109924316e-01
7.668144106864929199e-01
7.664068341255187988e-01
7.667692303657531738e-01
7.669376730918884277e-01
7.667766213417053223e-01
7.664009928703308105e-01
7.666370272636413574e-01
7.667837738990783691e-01
7.664660811424255371e-01
7.647287249565124512e-01
7.664884924888610840e-01
7.672598958015441895e-01
7.670816779136657715e-01
7.668772339820861816e-01
7.669029831886291504e-01
7.668349146842956543e-01
7.666813731193542480e-01
7.669306397438049316e-01
7.668802142143249512e-01
7.667631506919860840e-01
7.669795155525207520e-01
7.667981982231140137e-01
7.671079039573669434e-01
7.671007513999938965e-01
7.668127417564392090e-01
7.668960690498352051e-01
7.664253115653991699e-01
7.668363451957702637e-01
7.665216326713562012e-01
7.666535973548889160e-01
7.667458653450012207e-01
7.669386267662048340e-01
7.668203711509704590e-01
7.668976187705993652e-01
7.668117880821228027e-01
7.667123675346374512e-01
7.667115330696105957e-01
7.668620944023132324e-01
7.668892741203308105e-01
7.666959166526794434e-01
7.668988108634948730e-01
7.668029665946960449e-01
7.669573426246643066e-01
7.668501734733581543e-01
7.667501568794250488e-01
7.670851349830627441e-01
7.668359875679016113e-01
7.669183611869812012e-01
7.670637965202331543e-01
7.666104435920715332e-01
7.667209506034851074e-01
7.670938372611999512e-01
7.671725153923034668e-01
7.669352889060974121e-01
7.666869759559631348e-01
7.671515345573425293e-01
7.668111920356750488e-01
7.668479084968566895e-01
7.668661475181579590e-01
7.665762305259704590e-01
7.669153809547424316e-01
7.669238448143005371e-01
7.668185830116271973e-01
7.659477591514587402e-01
7.667647004127502441e-01
7.671293616294860840e-01
7.667873501777648926e-01
7.667455077171325684e-01
7.667331099510192871e-01
7.666899561882019043e-01
7.666824460029602051e-01
7.665091156959533691e-01
7.666944861412048340e-01
7.667312026023864746e-01
7.671754956245422363e-01
7.666046023368835449e-01
7.667905688285827637e-01
7.670386433601379395e-01
7.667061686515808105e-01
7.667034268379211426e-01
7.666749358177185059e-01
7.669180035591125488e-01
7.665801644325256348e-01
7.669065594673156738e-01
7.667788863182067871e-01
7.666123509407043457e-01
7.667157053947448730e-01
7.667853236198425293e-01
7.668977379798889160e-01
7.667143940925598145e-01
7.661891579627990723e-01
7.666684985160827637e-01
7.668810486793518066e-01
7.666446566581726074e-01
7.670817971229553223e-01
7.668543457984924316e-01
7.670376896858215332e-01
7.671105265617370605e-01
7.669985890388488770e-01
7.670467495918273926e-01
7.666345238685607910e-01
7.671651244163513184e-01
7.668336033821105957e-01
7.666705250740051270e-01
7.668163180351257324e-01
7.669176459312438965e-01
7.668705582618713379e-01
7.666051983833312988e-01
7.668488621711730957e-01
7.668024897575378418e-01
7.667726874351501465e-01
7.668630480766296387e-01
7.668555378913879395e-01
7.671553492546081543e-01
7.664687037467956543e-01
7.668094038963317871e-01
7.668119072914123535e-01
7.666348814964294434e-01
7.665523886680603027e-01
7.669700980186462402e-01
7.672160267829895020e-01
7.672187685966491699e-01
7.671347260475158691e-01
7.668024897575378418e-01
7.668214440345764160e-01
7.668752074241638184e-01
7.669479250907897949e-01
7.668800950050354004e-01
7.668442130088806152e-01
7.664518952369689941e-01
7.669418454170227051e-01
7.666423916816711426e-01
7.665001749992370605e-01
7.670782208442687988e-01
7.667264342308044434e-01
7.668436169624328613e-01
7.665531039237976074e-01
7.667836546897888184e-01
7.667097449302673340e-01
7.667073607444763184e-01
7.669170498847961426e-01
7.666895985603332520e-01
7.667968869209289551e-01
7.669156193733215332e-01
7.667034268379211426e-01
7.667775750160217285e-01
7.669413685798645020e-01
7.666290402412414551e-01
7.668874859809875488e-01
7.669830918312072754e-01
7.670285105705261230e-01
7.666139006614685059e-01
7.670137286186218262e-01
7.670134902000427246e-01
7.668576836585998535e-01
7.669270634651184082e-01
7.664660811424255371e-01
7.670990824699401855e-01
7.667912840843200684e-01
7.667801976203918457e-01
7.666212916374206543e-01
7.669152617454528809e-01
7.671099305152893066e-01
7.665858864784240723e-01
7.667763829231262207e-01
7.664754986763000488e-01
7.667972445487976074e-01
7.667981982231140137e-01
7.668381333351135254e-01
7.661131024360656738e-01
7.667217850685119629e-01
7.667164206504821777e-01
7.666723132133483887e-01
7.669993042945861816e-01
7.666741013526916504e-01
7.668665051460266113e-01
7.664319872856140137e-01
7.664451003074645996e-01
7.666370272636413574e-01
7.667813897132873535e-01
7.671141028404235840e-01
7.665738463401794434e-01
7.670531868934631348e-01
7.669398188591003418e-01
7.664936184883117676e-01
7.664536833763122559e-01
7.671355605125427246e-01
7.666601538658142090e-01
7.668444514274597168e-01
7.667166590690612793e-01
7.667821049690246582e-01
7.668923735618591309e-01
7.669770121574401855e-01
7.671253085136413574e-01
7.669029831886291504e-01
7.667768597602844238e-01
7.667968869209289551e-01
7.668657898902893066e-01
7.667675614356994629e-01
7.669225335121154785e-01
7.669227719306945801e-01
7.669654488563537598e-01
7.667804360389709473e-01
7.666016221046447754e-01
7.667209506034851074e-01
7.670255303382873535e-01
7.670738101005554199e-01
7.667775750160217285e-01
7.667753100395202637e-01
7.668550610542297363e-01
7.668623328208923340e-01
7.668485045433044434e-01
7.670409083366394043e-01
7.665691971778869629e-01
7.665855288505554199e-01
7.669759392738342285e-01
7.669112086296081543e-01
7.665207982063293457e-01
7.670263648033142090e-01
7.667879462242126465e-01
7.670214772224426270e-01
7.668682932853698730e-01
7.668808102607727051e-01
7.670540213584899902e-01
7.670791745185852051e-01
7.669269442558288574e-01
7.669033408164978027e-01
7.668977379798889160e-01
7.666618227958679199e-01
7.668276429176330566e-01
7.671431899070739746e-01
7.668388485908508301e-01
7.665477395057678223e-01
7.667154669761657715e-01
7.664961218833923340e-01
7.666321396827697754e-01
7.667145133018493652e-01
7.670019268989562988e-01
7.668225169181823730e-01
7.667538523674011230e-01
7.665521502494812012e-01
7.668194174766540527e-01
7.668467164039611816e-01
7.669326663017272949e-01
7.671585679054260254e-01
7.666526436805725098e-01
7.668362259864807129e-01
7.668461203575134277e-01
7.669716477394104004e-01
7.670050263404846191e-01
7.667376399040222168e-01
7.669004797935485840e-01
7.669690251350402832e-01
7.670035958290100098e-01
7.664456963539123535e-01
7.667575478553771973e-01
7.664880156517028809e-01
7.671796679496765137e-01
7.667015194892883301e-01
7.664517760276794434e-01
7.664009928703308105e-01
7.666199803352355957e-01
7.667419314384460449e-01
7.666942477226257324e-01
7.669450640678405762e-01
7.669770121574401855e-01
7.667294144630432129e-01
7.672345042228698730e-01
7.670297026634216309e-01
7.671219706535339355e-01
7.666347622871398926e-01
7.671094536781311035e-01
7.669532895088195801e-01
7.668111920356750488e-01
7.668618559837341309e-01
7.668178677558898926e-01
7.668940424919128418e-01
7.668867707252502441e-01
7.670143246650695801e-01
7.666524052619934082e-01
7.665858864784240723e-01
7.670089602470397949e-01
7.669205069541931152e-01
7.666587233543395996e-01
7.666906714439392090e-01
7.667421698570251465e-01
7.666597962379455566e-01
7.665641903877258301e-01
7.667648196220397949e-01
7.670573592185974121e-01
7.671535611152648926e-01
7.665126919746398926e-01
7.669605612754821777e-01
7.670580744743347168e-01
7.673303484916687012e-01
7.669700980186462402e-01
7.670938372611999512e-01
7.667433619499206543e-01
7.668858170509338379e-01
7.668222784996032715e-01
7.667809128761291504e-01
7.667896151542663574e-01
7.664989829063415527e-01
7.667060494422912598e-01
7.668775916099548340e-01
7.667637467384338379e-01
7.669631838798522949e-01
7.669664025306701660e-01
7.668716311454772949e-01
7.669573426246643066e-01
7.666645646095275879e-01
7.669093012809753418e-01
7.666280865669250488e-01
7.666931748390197754e-01
7.670034766197204590e-01
7.666253447532653809e-01
7.665005326271057129e-01
7.670300602912902832e-01
7.668913006782531738e-01
7.671293616294860840e-01
7.669423222541809082e-01
7.665627598762512207e-01
7.666266560554504395e-01
7.667151093482971191e-01
7.666065096855163574e-01
7.669462561607360840e-01
7.665521502494812012e-01
7.670341134071350098e-01
7.667228579521179199e-01
7.665325999259948730e-01
7.670032382011413574e-01
7.669225335121154785e-01
7.668910622596740723e-01
7.667277455329895020e-01
7.666378617286682129e-01
7.669262290000915527e-01
7.670091986656188965e-01
7.666898369789123535e-01
7.671088576316833496e-01
7.670269608497619629e-01
7.670235037803649902e-01
7.670037150382995605e-01
7.666514515876770020e-01
7.669587731361389160e-01
7.669047713279724121e-01
7.670153975486755371e-01
7.669585347175598145e-01
7.669034600257873535e-01
7.667056918144226074e-01
7.668541073799133301e-01
7.668672204017639160e-01
7.668365836143493652e-01
7.666355967521667480e-01
7.669860720634460449e-01
7.669120430946350098e-01
7.666773200035095215e-01
7.669721245765686035e-01
7.665806412696838379e-01
7.669079899787902832e-01
7.669247984886169434e-01
7.667067646980285645e-01
7.667906880378723145e-01
7.667393088340759277e-01
7.668409943580627441e-01
7.665246129035949707e-01
7.667530179023742676e-01
7.669143080711364746e-01
7.661897540092468262e-01
7.668747305870056152e-01
7.666426301002502441e-01
7.669001221656799316e-01
7.667917609214782715e-01
7.669668793678283691e-01
7.670659422874450684e-01
7.667233347892761230e-01
7.668442130088806152e-01
7.668965458869934082e-01
7.669462561607360840e-01
7.665773034095764160e-01
7.668018937110900879e-01
7.667230963706970215e-01
7.666996121406555176e-01
7.668500542640686035e-01
7.671254277229309082e-01
7.668030858039855957e-01
7.667809128761291504e-01
7.668665051460266113e-01
7.667909264564514160e-01
7.668486237525939941e-01
7.666605114936828613e-01
7.668846249580383301e-01
7.665967345237731934e-01
7.672290205955505371e-01
7.669203877449035645e-01
7.670064568519592285e-01
7.668456435203552246e-01
7.668766379356384277e-01
7.667950987815856934e-01
7.668893933296203613e-01
7.670679688453674316e-01
7.669681906700134277e-01
7.665354609489440918e-01
7.668702006340026855e-01
7.670907378196716309e-01
7.668910622596740723e-01
7.665231823921203613e-01
7.668270468711853027e-01
7.667606472969055176e-01
7.667487263679504395e-01
7.656580805778503418e-01
7.670138478279113770e-01
7.667755484580993652e-01
7.666661143302917480e-01
7.668460011482238770e-01
7.670709490776062012e-01
7.671137452125549316e-01
7.667458653450012207e-01
7.667998671531677246e-01
7.668976187705993652e-01
7.668260931968688965e-01
7.670205235481262207e-01
7.664498686790466309e-01
7.672130465507507324e-01
7.669034600257873535e-01
7.666818499565124512e-01
7.668161988258361816e-01
7.667120099067687988e-01
7.668722271919250488e-01
7.672993540763854980e-01
7.665640711784362793e-01
7.668040394783020020e-01
7.668769955635070801e-01
7.670595049858093262e-01
7.672143578529357910e-01
7.671905159950256348e-01
7.665097117424011230e-01
7.667737603187561035e-01
7.668669819831848145e-01
7.671448588371276855e-01
7.668702006340026855e-01
7.669013142585754395e-01
7.666713595390319824e-01
7.668909430503845215e-01
7.667906880378723145e-01
7.669433951377868652e-01
7.665075659751892090e-01
7.669485211372375488e-01
7.670342326164245605e-01
7.667840123176574707e-01
7.667464613914489746e-01
7.664541602134704590e-01
7.668910622596740723e-01
7.668046355247497559e-01
7.667660117149353027e-01
7.666500210762023926e-01
7.668567299842834473e-01
7.669617533683776855e-01
7.670436501502990723e-01
7.667605280876159668e-01
7.669069170951843262e-01
7.670677304267883301e-01
7.667772173881530762e-01
7.668530344963073730e-01
7.669380307197570801e-01
7.668206095695495605e-01
7.667142748832702637e-01
7.665811181068420410e-01
7.665587067604064941e-01
7.670781016349792480e-01
7.668876051902770996e-01
7.666439414024353027e-01
7.669731974601745605e-01
7.669692635536193848e-01
7.671496272087097168e-01
7.665103077888488770e-01
7.666931748390197754e-01
7.666454911231994629e-01
7.666123509407043457e-01
7.667292952537536621e-01
7.665947079658508301e-01
7.670641541481018066e-01
7.671768069267272949e-01
7.671347260475158691e-01
7.668841481208801270e-01
7.666224837303161621e-01
7.670947909355163574e-01
7.673718333244323730e-01
7.667350172996520996e-01
7.665778994560241699e-01
7.665467858314514160e-01
7.669536471366882324e-01
7.667433619499206543e-01
7.667805552482604980e-01
7.670752406120300293e-01
7.664739489555358887e-01
7.668351531028747559e-01
7.667768597602844238e-01
7.666866183280944824e-01
7.669853568077087402e-01
7.667532563209533691e-01
7.667734026908874512e-01
7.673110365867614746e-01
7.667754292488098145e-01
7.669064402580261230e-01
7.665224671363830566e-01
7.667723298072814941e-01
7.669511437416076660e-01
7.666587233543395996e-01
7.667011618614196777e-01
7.667370438575744629e-01
7.669569849967956543e-01
7.667041420936584473e-01
7.667717337608337402e-01
7.665720582008361816e-01
7.666938900947570801e-01
7.669723629951477051e-01
7.668716311454772949e-01
7.668647170066833496e-01
7.670425772666931152e-01
7.667328715324401855e-01
7.670434117317199707e-01
7.665472626686096191e-01
7.671074271202087402e-01
7.669205069541931152e-01
7.670127749443054199e-01
7.669679522514343262e-01
7.672790884971618652e-01
7.667875885963439941e-01
7.670750021934509277e-01
7.667753100395202637e-01
7.670326828956604004e-01
7.668507695198059082e-01
7.668254971504211426e-01
7.667669653892517090e-01
7.670168280601501465e-01
7.669548392295837402e-01
7.670136094093322754e-01
7.666451334953308105e-01
7.666818499565124512e-01
7.667538523674011230e-01
7.668758034706115723e-01
7.665136456489562988e-01
7.673267722129821777e-01
7.667471766471862793e-01
7.667444348335266113e-01
7.668368220329284668e-01
7.668898701667785645e-01
7.668841481208801270e-01
7.668073773384094238e-01
7.669239640235900879e-01
7.669412493705749512e-01
7.669345736503601074e-01
7.667807936668395996e-01
7.667652964591979980e-01
7.668439745903015137e-01
7.667672038078308105e-01
7.662758231163024902e-01
7.666961550712585449e-01
7.670262455940246582e-01
7.667538523674011230e-01
7.665488123893737793e-01
7.669282555580139160e-01
7.670460343360900879e-01
7.669088244438171387e-01
7.667031884193420410e-01
7.669857144355773926e-01
7.664893269538879395e-01
7.665292620658874512e-01
7.668665051460266113e-01
7.666022181510925293e-01
7.666984200477600098e-01
7.662479281425476074e-01
7.667000889778137207e-01
7.667686343193054199e-01
7.668145298957824707e-01
7.667300105094909668e-01
7.665327191352844238e-01
7.668344378471374512e-01
7.670561671257019043e-01
7.666347622871398926e-01
7.665238976478576660e-01
7.668192982673645020e-01
7.667507529258728027e-01
7.670202851295471191e-01
7.669551968574523926e-01
7.662701010704040527e-01
7.666695713996887207e-01
7.668156027793884277e-01
7.669454216957092285e-01
7.670536637306213379e-01
7.670897841453552246e-01
7.672638297080993652e-01
7.662957310676574707e-01
7.670945525169372559e-01
7.665575146675109863e-01
7.668052315711975098e-01
7.666870951652526855e-01
7.667778134346008301e-01
7.670590281486511230e-01
7.667631506919860840e-01
7.669433951377868652e-01
7.668086886405944824e-01
7.668985724449157715e-01
7.668070197105407715e-01
7.666619420051574707e-01
7.668769955635070801e-01
7.664217352867126465e-01
7.665312886238098145e-01
7.668289542198181152e-01
7.670112252235412598e-01
7.668407559394836426e-01
7.666385769844055176e-01
7.665950655937194824e-01
7.667408585548400879e-01
7.669984698295593262e-01
7.665817141532897949e-01
7.666177153587341309e-01
7.669482827186584473e-01
7.668471932411193848e-01
7.665447592735290527e-01
7.666276097297668457e-01
7.668368220329284668e-01
7.670072913169860840e-01
7.668722271919250488e-01
7.668676972389221191e-01
7.661592364311218262e-01
7.668101191520690918e-01
7.669264674186706543e-01
7.669162154197692871e-01
7.669293284416198730e-01
7.671207785606384277e-01
7.666710019111633301e-01
7.667197585105895996e-01
7.667414546012878418e-01
7.668142914772033691e-01
7.667450308799743652e-01
7.664832472801208496e-01
7.669618725776672363e-01
7.668338418006896973e-01
7.668653130531311035e-01
7.665844559669494629e-01
7.665111422538757324e-01
7.663696408271789551e-01
7.668469548225402832e-01
7.670297026634216309e-01
7.670252919197082520e-01
7.668537497520446777e-01
7.666718363761901855e-01
7.668361067771911621e-01
7.668364644050598145e-01
7.666895985603332520e-01
7.668440937995910645e-01
7.666164040565490723e-01
7.668333649635314941e-01
7.666086554527282715e-01
7.666191458702087402e-01
7.670593857765197754e-01
7.671300768852233887e-01
7.668773531913757324e-01
7.670171856880187988e-01
7.666051983833312988e-01
7.668983340263366699e-01
7.669346928596496582e-01
7.670580744743347168e-01
7.668326497077941895e-01
7.669922709465026855e-01
7.669199109077453613e-01
7.668127417564392090e-01
7.669405341148376465e-01
7.670997977256774902e-01
7.669321894645690918e-01
7.668271660804748535e-01
7.673460841178894043e-01
7.670148015022277832e-01
7.667953372001647949e-01
7.667877078056335449e-01
7.668613791465759277e-01
7.669741511344909668e-01
7.672342658042907715e-01
7.668455243110656738e-01
7.666154503822326660e-01
7.668406367301940918e-01
7.669093012809753418e-01
7.669531702995300293e-01
7.667796015739440918e-01
7.672588229179382324e-01
7.670076489448547363e-01
7.670188546180725098e-01
7.671373486518859863e-01
7.672209143638610840e-01
7.667548060417175293e-01
7.669810652732849121e-01
7.665943503379821777e-01
7.668680548667907715e-01
7.667073607444763184e-01
7.669666409492492676e-01
7.667588591575622559e-01
7.670097947120666504e-01
7.667919993400573730e-01
7.669110894203186035e-01
7.668321728706359863e-01
7.669602036476135254e-01
7.669036984443664551e-01
7.666930556297302246e-01
7.666823267936706543e-01
7.666065096855163574e-01
7.670058608055114746e-01
7.667803168296813965e-01
7.667532563209533691e-01
7.667537331581115723e-01
7.670771479606628418e-01
7.671018242835998535e-01
7.670745253562927246e-01
7.668568491935729980e-01
7.666645646095275879e-01
7.667569518089294434e-01
7.671453356742858887e-01
7.666408419609069824e-01
7.667456269264221191e-01
7.666825652122497559e-01
7.667742371559143066e-01
7.671062350273132324e-01
7.668481469154357910e-01
7.669802308082580566e-01
7.667856812477111816e-01
7.669768929481506348e-01
7.668108344078063965e-01
7.670887112617492676e-01
7.667475342750549316e-01
7.671139836311340332e-01
7.670513987541198730e-01
7.667494416236877441e-01
7.667619585990905762e-01
7.668579220771789551e-01
7.669132351875305176e-01
7.671019434928894043e-01
7.669036984443664551e-01
7.669673562049865723e-01
7.662753462791442871e-01
7.668424248695373535e-01
7.667494416236877441e-01
7.666884064674377441e-01
7.666216492652893066e-01
7.667977213859558105e-01
7.667495608329772949e-01
7.667438387870788574e-01
7.667897343635559082e-01
7.664662003517150879e-01
7.669346928596496582e-01
7.669013142585754395e-01
7.668469548225402832e-01
7.666701674461364746e-01
7.667949795722961426e-01
7.670339941978454590e-01
7.666468024253845215e-01
7.669151425361633301e-01
7.670262455940246582e-01
7.669163346290588379e-01
7.667024731636047363e-01
7.668432593345642090e-01
7.670163512229919434e-01
7.668079733848571777e-01
7.668271660804748535e-01
7.667762637138366699e-01
7.668009400367736816e-01
7.668095231056213379e-01
7.669987082481384277e-01
7.670269608497619629e-01
7.669109702110290527e-01
7.670894265174865723e-01
7.667014002799987793e-01
7.669577002525329590e-01
7.667222619056701660e-01
7.667929530143737793e-01
7.672590613365173340e-01
7.672491669654846191e-01
7.667625546455383301e-01
7.666839957237243652e-01
7.667168974876403809e-01
7.665920853614807129e-01
7.667401432991027832e-01
7.668194174766540527e-01
7.668598294258117676e-01
7.667582631111145020e-01
7.672374844551086426e-01
7.669404149055480957e-01
7.667438387870788574e-01
7.670674920082092285e-01
7.661722302436828613e-01
7.666658759117126465e-01
7.667422890663146973e-01
7.670857310295104980e-01
7.668395638465881348e-01
7.668705582618713379e-01
7.669320702552795410e-01
7.668743729591369629e-01
7.664058804512023926e-01
7.669700980186462402e-01
7.667327523231506348e-01
7.666301131248474121e-01
7.664429545402526855e-01
7.667877078056335449e-01
7.664297223091125488e-01
7.671818137168884277e-01
7.664452195167541504e-01
7.667664885520935059e-01
7.665885090827941895e-01
7.666564583778381348e-01
7.667900919914245605e-01
7.670322060585021973e-01
7.667723298072814941e-01
7.666103243827819824e-01
7.670091986656188965e-01
7.666268944740295410e-01
7.670801281929016113e-01
7.668786644935607910e-01
7.668058276176452637e-01
7.670720219612121582e-01
7.667933106422424316e-01
7.666810154914855957e-01
7.665023207664489746e-01
7.671013474464416504e-01
7.667257189750671387e-01
7.665709853172302246e-01
7.667056918144226074e-01
7.671536803245544434e-01
7.667627930641174316e-01
7.666826844215393066e-01
7.670434117317199707e-01
7.667259573936462402e-01
7.665558457374572754e-01
7.669255137443542480e-01
7.666353583335876465e-01
7.664487957954406738e-01
7.667321562767028809e-01
7.667744755744934082e-01
7.666805386543273926e-01
7.669636607170104980e-01
7.668976187705993652e-01
7.666769623756408691e-01
7.669048905372619629e-01
7.667445540428161621e-01
7.666235566139221191e-01
7.669368386268615723e-01
7.665751576423645020e-01
7.665396332740783691e-01
7.669176459312438965e-01
7.667843699455261230e-01
7.666119933128356934e-01
7.671286463737487793e-01
7.661485075950622559e-01
7.669041752815246582e-01
7.668814063072204590e-01
7.667756676673889160e-01
7.662422060966491699e-01
7.668095231056213379e-01
7.665222287178039551e-01
7.667074799537658691e-01
7.667329907417297363e-01
7.669817805290222168e-01
7.669015526771545410e-01
7.666555047035217285e-01
7.672056555747985840e-01
7.666988968849182129e-01
7.669356465339660645e-01
7.669295668601989746e-01
7.667248845100402832e-01
7.668184638023376465e-01
7.668699622154235840e-01
7.667108178138732910e-01
7.671142220497131348e-01
7.666015028953552246e-01
7.669665217399597168e-01
7.667114138603210449e-01
7.662435173988342285e-01
7.667388319969177246e-01
7.670671343803405762e-01
7.670596241950988770e-01
7.668746113777160645e-01
7.668358683586120605e-01
7.666779160499572754e-01
7.670186161994934082e-01
7.667246460914611816e-01
7.670165896415710449e-01
7.669507861137390137e-01
7.668924927711486816e-01
7.669236063957214355e-01
7.668210864067077637e-01
7.667492032051086426e-01
7.667590975761413574e-01
7.672004103660583496e-01
7.670137286186218262e-01
7.669935822486877441e-01
7.668130993843078613e-01
7.666618227958679199e-01
7.668845057487487793e-01
7.665275931358337402e-01
7.667152285575866699e-01
7.669047713279724121e-01
7.662969231605529785e-01
7.663576006889343262e-01
7.666203379631042480e-01
7.667284607887268066e-01
7.670314908027648926e-01
7.667885422706604004e-01
7.666838765144348145e-01
7.670572400093078613e-01
7.663424611091613770e-01
7.669985890388488770e-01
7.669185996055603027e-01
7.672038674354553223e-01
7.667979598045349121e-01
7.668595910072326660e-01
7.668811678886413574e-01
7.665680050849914551e-01
7.668756842613220215e-01
7.669184803962707520e-01
7.671493887901306152e-01
7.666009068489074707e-01
7.669265866279602051e-01
7.668589949607849121e-01
7.667153477668762207e-01
7.672134041786193848e-01
7.668597102165222168e-01
7.665622830390930176e-01
7.670072913169860840e-01
7.668228745460510254e-01
7.670097947120666504e-01
7.668288350105285645e-01
7.666088938713073730e-01
7.666175961494445801e-01
7.669046521186828613e-01
7.673687338829040527e-01
7.670586705207824707e-01
7.669898867607116699e-01
7.671796679496765137e-01
7.671168446540832520e-01
7.667276263236999512e-01
7.665873169898986816e-01
7.668860554695129395e-01
7.668047547340393066e-01
7.668880820274353027e-01
7.666675448417663574e-01
7.667798399925231934e-01
7.668249011039733887e-01
7.670428156852722168e-01
7.665726542472839355e-01
7.671541571617126465e-01
7.667848467826843262e-01
7.668039202690124512e-01
7.667891383171081543e-01
7.666566967964172363e-01
7.668723464012145996e-01
7.668090462684631348e-01
7.667921185493469238e-01
7.669460177421569824e-01
7.667952179908752441e-01
7.665316462516784668e-01
7.667968869209289551e-01
7.667466998100280762e-01
7.668005824089050293e-01
7.669407725334167480e-01
7.668516039848327637e-01
7.667725682258605957e-01
7.665823101997375488e-01
7.667524218559265137e-01
7.669791579246520996e-01
7.666086554527282715e-01
7.661911845207214355e-01
7.669911980628967285e-01
7.672577500343322754e-01
7.667232155799865723e-01
7.667290568351745605e-01
7.667399048805236816e-01
7.667371630668640137e-01
7.667848467826843262e-01
7.668358683586120605e-01
7.659571766853332520e-01
7.667750716209411621e-01
7.666181921958923340e-01
7.670544981956481934e-01
7.668034434318542480e-01
7.672006487846374512e-01
7.667787671089172363e-01
7.669107317924499512e-01
7.668330073356628418e-01
7.666966319084167480e-01
7.668973803520202637e-01
7.668824791908264160e-01
7.671559453010559082e-01
7.668737769126892090e-01
7.669184803962707520e-01
7.668408751487731934e-01
7.663691639900207520e-01
7.671058773994445801e-01
7.670635581016540527e-01
7.669495940208435059e-01
7.670307755470275879e-01
7.665668129920959473e-01
7.667816281318664551e-01
7.667748332023620605e-01
7.667128443717956543e-01
7.667029500007629395e-01
7.668458819389343262e-01
7.670437693595886230e-01
7.668287158012390137e-01
7.669268250465393066e-01
7.668533921241760254e-01
7.666758894920349121e-01
7.668005824089050293e-01
7.667792439460754395e-01
7.669048905372619629e-01
7.668594717979431152e-01
7.667016386985778809e-01
7.668533921241760254e-01
7.666767239570617676e-01
7.668448090553283691e-01
7.666923403739929199e-01
7.668548226356506348e-01
7.669339776039123535e-01
7.667986750602722168e-01
7.670775055885314941e-01
7.668820023536682129e-01
7.670136094093322754e-01
7.668747305870056152e-01
7.666999697685241699e-01
7.666248679161071777e-01
7.670901417732238770e-01
7.671719193458557129e-01
7.670801281929016113e-01
7.666997313499450684e-01
7.667933106422424316e-01
7.669380307197570801e-01
7.669246792793273926e-01
7.668454051017761230e-01
7.667703032493591309e-01
7.672013640403747559e-01
7.669044137001037598e-01
7.667462229728698730e-01
7.666558623313903809e-01
7.668457627296447754e-01
7.666785120964050293e-01
7.667509913444519043e-01
7.669853568077087402e-01
7.670112252235412598e-01
7.666150927543640137e-01
7.670258879661560059e-01
7.666049599647521973e-01
7.667960524559020996e-01
7.668808102607727051e-01
7.665171027183532715e-01
7.665249705314636230e-01
7.667825818061828613e-01
7.670223116874694824e-01
7.669662833213806152e-01
7.666348814964294434e-01
7.669239640235900879e-01
7.666227221488952637e-01
7.668032050132751465e-01
7.668512463569641113e-01
7.670809626579284668e-01
7.668712735176086426e-01
7.667040228843688965e-01
7.669969201087951660e-01
7.669486403465270996e-01
7.667916417121887207e-01
7.666398882865905762e-01
7.668187022209167480e-01
7.665130496025085449e-01
7.668724656105041504e-01
7.662970423698425293e-01
7.666620612144470215e-01
7.668043971061706543e-01
7.669615149497985840e-01
7.667134404182434082e-01
7.671244740486145020e-01
7.667333483695983887e-01
7.665497660636901855e-01
7.668445706367492676e-01
7.665010094642639160e-01
7.666867375373840332e-01
7.665184140205383301e-01
7.670167088508605957e-01
7.668827176094055176e-01
7.668982148170471191e-01
7.668985724449157715e-01
7.666607499122619629e-01
7.662916779518127441e-01
7.669413685798645020e-01
7.668766379356384277e-01
7.667840123176574707e-01
7.667799592018127441e-01
7.666102051734924316e-01
7.666555047035217285e-01
7.667590975761413574e-01
7.667691111564636230e-01
7.668552994728088379e-01
7.671038508415222168e-01
7.665715813636779785e-01
7.662625908851623535e-01
7.671932578086853027e-01
7.667751908302307129e-01
7.667917609214782715e-01
7.669273018836975098e-01
7.664775252342224121e-01
7.669252753257751465e-01
7.664682269096374512e-01
7.667741179466247559e-01
7.669462561607360840e-01
7.668344378471374512e-01
7.668587565422058105e-01
7.663421034812927246e-01
7.668541073799133301e-01
7.668047547340393066e-01
7.666864991188049316e-01
7.666891217231750488e-01
7.668370604515075684e-01
7.666490674018859863e-01
7.669491171836853027e-01
7.665540575981140137e-01
7.667303681373596191e-01
7.670409083366394043e-01
7.669282555580139160e-01
7.666810154914855957e-01
7.666482329368591309e-01
7.666863799095153809e-01
7.668634057044982910e-01
7.667647004127502441e-01
7.670671343803405762e-01
7.668709158897399902e-01
7.668944001197814941e-01
7.670174241065979004e-01
7.665808796882629395e-01
7.664582133293151855e-01
7.667188048362731934e-01
7.665981650352478027e-01
7.667700648307800293e-01
7.668024897575378418e-01
7.669692635536193848e-01
7.667647004127502441e-01
7.663118243217468262e-01
7.669715285301208496e-01
7.671374678611755371e-01
7.669422030448913574e-01
7.665631175041198730e-01
7.668493390083312988e-01
7.667909264564514160e-01
7.663978934288024902e-01
7.666845917701721191e-01
7.669107317924499512e-01
7.666139006614685059e-01
7.664901614189147949e-01
7.668301463127136230e-01
7.667821049690246582e-01
7.666280865669250488e-01
7.668444514274597168e-01
7.666439414024353027e-01
7.671942114830017090e-01
7.668827176094055176e-01
7.667626738548278809e-01
7.670198082923889160e-01
7.669121623039245605e-01
7.669183611869812012e-01
7.666375041007995605e-01
7.670546174049377441e-01
7.668872475624084473e-01
7.667985558509826660e-01
7.661473155021667480e-01
7.668163180351257324e-01
7.667126059532165527e-01
7.668178677558898926e-01
7.666987776756286621e-01
7.666961550712585449e-01
7.669419646263122559e-01
7.671126723289489746e-01
7.664832472801208496e-01
7.666475176811218262e-01
7.669861912727355957e-01
7.668375372886657715e-01
7.665942311286926270e-01
7.669734358787536621e-01
7.669283747673034668e-01
7.668862938880920410e-01
7.670465111732482910e-01
7.668091654777526855e-01
7.667321562767028809e-01
7.668027281761169434e-01
7.666477560997009277e-01
7.667548060417175293e-01
7.666028141975402832e-01
7.662693858146667480e-01
7.667325139045715332e-01
7.668743729591369629e-01
7.667546868324279785e-01
7.671913504600524902e-01
7.666403651237487793e-01
7.668932080268859863e-01
7.668156027793884277e-01
7.667515873908996582e-01
7.669494748115539551e-01
7.665906548500061035e-01
7.667941451072692871e-01
7.671152949333190918e-01
7.668084502220153809e-01
7.666627764701843262e-01
7.667461037635803223e-01
7.669962048530578613e-01
7.669438719749450684e-01
7.667987942695617676e-01
7.667054533958435059e-01
7.669500708580017090e-01
7.668997645378112793e-01
7.668946385383605957e-01
7.666388154029846191e-01
7.667364478111267090e-01
7.669208645820617676e-01
7.671982645988464355e-01
7.664520144462585449e-01
7.662759423255920410e-01
7.670286297798156738e-01
7.668103575706481934e-01
7.669257521629333496e-01
7.666493058204650879e-01
7.667092680931091309e-01
7.666596770286560059e-01
7.668893933296203613e-01
7.667922377586364746e-01
7.665109038352966309e-01
7.665831446647644043e-01
7.668383717536926270e-01
7.669708132743835449e-01
7.666732668876647949e-01
7.671820521354675293e-01
7.668898701667785645e-01
7.667128443717956543e-01
7.673603892326354980e-01
7.669864296913146973e-01
7.670390009880065918e-01
7.667416930198669434e-01
7.666643261909484863e-01
7.669854760169982910e-01
7.669900059700012207e-01
7.667648196220397949e-01
7.670813202857971191e-01
7.670976519584655762e-01
7.666831612586975098e-01
7.665027976036071777e-01
7.669699788093566895e-01
7.668227553367614746e-01
7.664158940315246582e-01
7.669345736503601074e-01
7.666715979576110840e-01
7.668749690055847168e-01
7.666590809822082520e-01
7.668991684913635254e-01
7.669201493263244629e-01
7.667763829231262207e-01
7.670133709907531738e-01
7.667236924171447754e-01
7.668777108192443848e-01
7.669886946678161621e-01
7.669517397880554199e-01
7.667590975761413574e-01
7.671400904655456543e-01
7.671841979026794434e-01
7.665733695030212402e-01
7.666742205619812012e-01
7.669746279716491699e-01
7.671356797218322754e-01
7.664851546287536621e-01
7.668182253837585449e-01
7.670029997825622559e-01
7.667474150657653809e-01
7.666866183280944824e-01
7.666609883308410645e-01
7.667616009712219238e-01
7.667261958122253418e-01
7.669627070426940918e-01
7.670168280601501465e-01
7.669970393180847168e-01
7.670002579689025879e-01
7.664673924446105957e-01
7.671056389808654785e-01
7.667457461357116699e-01
7.667236924171447754e-01
7.668011784553527832e-01
7.664230465888977051e-01
7.664187550544738770e-01
7.669996619224548340e-01
7.667992711067199707e-01
7.670813202857971191e-01
7.665732502937316895e-01
7.669947743415832520e-01
7.665796875953674316e-01
7.668508887290954590e-01
7.664372324943542480e-01
7.670111060142517090e-01
7.668078541755676270e-01
7.667794823646545410e-01
7.664269804954528809e-01
7.669588923454284668e-01
7.669844031333923340e-01
7.667325139045715332e-01
7.667474150657653809e-01
7.668387293815612793e-01
7.669770121574401855e-01
7.665542960166931152e-01
7.672368884086608887e-01
7.668620944023132324e-01
7.669460177421569824e-01
7.666444182395935059e-01
7.668359875679016113e-01
7.668079733848571777e-01
7.666370272636413574e-01
7.667202353477478027e-01
7.668229937553405762e-01
7.669097781181335449e-01
7.668574452400207520e-01
7.672770619392395020e-01
7.669771313667297363e-01
7.666370272636413574e-01
7.666484713554382324e-01
7.660949826240539551e-01
7.671778798103332520e-01
7.672569155693054199e-01
7.669429183006286621e-01
7.668036818504333496e-01
7.670964598655700684e-01
7.667041420936584473e-01
7.665994763374328613e-01
7.667801976203918457e-01
7.668252587318420410e-01
7.665271162986755371e-01
7.669094204902648926e-01
7.662069201469421387e-01
7.667519450187683105e-01
7.668904662132263184e-01
7.667086720466613770e-01
7.666152119636535645e-01
7.668095231056213379e-01
7.669128775596618652e-01
7.669017910957336426e-01
