2.494785189628601074e-02
2.493974566459655762e-02
2.495872974395751953e-02
2.492231130599975586e-02
2.491772174835205078e-02
2.496430277824401855e-02
2.495208382606506348e-02
2.492359280586242676e-02
2.494394779205322266e-02
2.495351433753967285e-02
2.492016553878784180e-02
2.497547864913940430e-02
2.495840191841125488e-02
2.493360638618469238e-02
2.496311068534851074e-02
2.495321631431579590e-02
2.494928240776062012e-02
2.493688464164733887e-02
2.496245503425598145e-02
2.495345473289489746e-02
2.493190765380859375e-02
2.515903115272521973e-02
2.495750784873962402e-02
2.496281266212463379e-02
2.495092153549194336e-02
2.495738863945007324e-02
2.495145797729492188e-02
2.493321895599365234e-02
2.495905756950378418e-02
2.492538094520568848e-02
2.495861053466796875e-02
2.495834231376647949e-02
2.495601773262023926e-02
2.494347095489501953e-02
2.498748898506164551e-02
2.495247125625610352e-02
2.493953704833984375e-02
2.492332458496093750e-02
2.492484450340270996e-02
2.493384480476379395e-02
2.494311332702636719e-02
2.495640516281127930e-02
2.492538094520568848e-02
2.493330836296081543e-02
2.495899796485900879e-02
2.492699027061462402e-02
2.495449781417846680e-02
2.495619654655456543e-02
2.494993805885314941e-02
2.493745088577270508e-02
2.492493391036987305e-02
2.493807673454284668e-02
2.495804429054260254e-02
2.495872974395751953e-02
2.492192387580871582e-02
2.497997879981994629e-02
2.493736147880554199e-02
2.491369843482971191e-02
2.498012781143188477e-02
2.494531869888305664e-02
2.494308352470397949e-02
2.496603131294250488e-02
2.494737505912780762e-02
2.493679523468017578e-02
2.497097849845886230e-02
2.495378255844116211e-02
2.492633461952209473e-02
2.491858601570129395e-02
2.494582533836364746e-02
2.492567896842956543e-02
2.496221661567687988e-02
2.494850754737854004e-02
2.492833137512207031e-02
2.493229508399963379e-02
2.493736147880554199e-02
2.496621012687683105e-02
2.494916319847106934e-02
2.495497465133666992e-02
2.495726943016052246e-02
2.495095133781433105e-02
2.492481470108032227e-02
2.494564652442932129e-02
2.493152022361755371e-02
2.492979168891906738e-02
2.492436766624450684e-02
2.495935559272766113e-02
2.495032548904418945e-02
2.495110034942626953e-02
2.495327591896057129e-02
2.494096755981445312e-02
2.493473887443542480e-02
2.492713928222656250e-02
2.496293187141418457e-02
2.496781945228576660e-02
2.496862411499023438e-02
2.494776248931884766e-02
2.495345473289489746e-02
2.492758631706237793e-02
2.492979168891906738e-02
2.495828270912170410e-02
2.495509386062622070e-02
2.495002746582031250e-02
2.494516968727111816e-02
2.493333816528320312e-02
2.495333552360534668e-02
2.497395873069763184e-02
2.496102452278137207e-02
2.495050430297851562e-02
2.497339248657226562e-02
2.492821216583251953e-02
2.493682503700256348e-02
2.492171525955200195e-02
2.494734525680541992e-02
2.495887875556945801e-02
2.496355772018432617e-02
2.493980526924133301e-02
2.496802806854248047e-02
2.491304278373718262e-02
2.494001388549804688e-02
2.493390440940856934e-02
2.495202422142028809e-02
2.492025494575500488e-02
2.492833137512207031e-02
2.494201064109802246e-02
2.491956949234008789e-02
2.496898174285888672e-02
2.496835589408874512e-02
2.491402626037597656e-02
2.493882179260253906e-02
2.492257952690124512e-02
2.494543790817260742e-02
2.494233846664428711e-02
2.493527531623840332e-02
2.491712570190429688e-02
2.494654059410095215e-02
2.495160698890686035e-02
2.497014403343200684e-02
2.494561672210693359e-02
2.494183182716369629e-02
2.495023608207702637e-02
2.493008971214294434e-02
2.493536472320556641e-02
2.494001388549804688e-02
2.493476867675781250e-02
2.497312426567077637e-02
2.494019269943237305e-02
2.492693066596984863e-02
2.493971586227416992e-02
2.493047714233398438e-02
2.495977282524108887e-02
2.495357394218444824e-02
2.498540282249450684e-02
2.492594718933105469e-02
2.494913339614868164e-02
2.497118711471557617e-02
2.493184804916381836e-02
2.496588230133056641e-02
2.496361732482910156e-02
2.495571970939636230e-02
2.493399381637573242e-02
2.493947744369506836e-02
2.494293451309204102e-02
2.495399117469787598e-02
2.494475245475769043e-02
2.496638894081115723e-02
2.496778964996337891e-02
2.492979168891906738e-02
2.496051788330078125e-02
2.495104074478149414e-02
2.492451667785644531e-02
2.497252821922302246e-02
2.494490146636962891e-02
2.494159340858459473e-02
2.495521306991577148e-02
2.496516704559326172e-02
2.493426203727722168e-02
2.495625615119934082e-02
2.496942877769470215e-02
2.492663264274597168e-02
2.493169903755187988e-02
2.494704723358154297e-02
2.496805787086486816e-02
2.495959401130676270e-02
2.497223019599914551e-02
2.495297789573669434e-02
2.495053410530090332e-02
2.495872974395751953e-02
2.494528889656066895e-02
2.494496107101440430e-02
2.496865391731262207e-02
2.491754293441772461e-02
2.496331930160522461e-02
2.491980791091918945e-02
2.493423223495483398e-02
2.496710419654846191e-02
2.498632669448852539e-02
2.493411302566528320e-02
2.496647834777832031e-02
2.490997314453125000e-02
2.496698498725891113e-02
2.494725584983825684e-02
2.493691444396972656e-02
2.498525381088256836e-02
2.498659491539001465e-02
2.497383952140808105e-02
2.493867278099060059e-02
2.495700120925903320e-02
2.497556805610656738e-02
2.491590380668640137e-02
2.494356036186218262e-02
2.495259046554565430e-02
2.492812275886535645e-02
2.495726943016052246e-02
2.494972944259643555e-02
2.492275834083557129e-02
2.492585778236389160e-02
2.492001652717590332e-02
2.493762969970703125e-02
2.498164772987365723e-02
2.495229244232177734e-02
2.496257424354553223e-02
2.493223547935485840e-02
2.493217587471008301e-02
2.495434880256652832e-02
2.494475245475769043e-02
2.492535114288330078e-02
2.491837739944458008e-02
2.494236826896667480e-02
2.494397759437561035e-02
2.495411038398742676e-02
2.497097849845886230e-02
2.495142817497253418e-02
2.495646476745605469e-02
2.496996521949768066e-02
2.496287226676940918e-02
2.494525909423828125e-02
2.494508028030395508e-02
2.496206760406494141e-02
2.496823668479919434e-02
2.493444085121154785e-02
2.492651343345642090e-02
2.497410774230957031e-02
2.495148777961730957e-02
2.496328949928283691e-02
2.494543790817260742e-02
2.493730187416076660e-02
2.491307258605957031e-02
2.493456006050109863e-02
2.494421601295471191e-02
2.496695518493652344e-02
2.496483922004699707e-02
2.490732073783874512e-02
2.491804957389831543e-02
2.493831515312194824e-02
2.497202157974243164e-02
2.496799826622009277e-02
2.494648098945617676e-02
2.497527003288269043e-02
2.492669224739074707e-02
2.497664093971252441e-02
2.495428919792175293e-02
2.492946386337280273e-02
2.495914697647094727e-02
2.494037151336669922e-02
2.496376633644104004e-02
2.492466568946838379e-02
2.493926882743835449e-02
2.497488260269165039e-02
2.496001124382019043e-02
2.493870258331298828e-02
2.495926618576049805e-02
2.494117617607116699e-02
2.506375312805175781e-02
2.495339512825012207e-02
2.494829893112182617e-02
2.497240900993347168e-02
2.493515610694885254e-02
2.497327327728271484e-02
2.490887045860290527e-02
2.494475245475769043e-02
2.494594454765319824e-02
2.497360110282897949e-02
2.494537830352783203e-02
2.491900324821472168e-02
2.498313784599304199e-02
2.496367692947387695e-02
2.493193745613098145e-02
2.496150135993957520e-02
2.493685483932495117e-02
2.494636178016662598e-02
2.496871352195739746e-02
2.494391798973083496e-02
2.494886517524719238e-02
2.494135499000549316e-02
2.496781945228576660e-02
2.495330572128295898e-02
2.493834495544433594e-02
2.493435144424438477e-02
2.495101094245910645e-02
2.493530511856079102e-02
2.497878670692443848e-02
2.491325139999389648e-02
2.497595548629760742e-02
2.495986223220825195e-02
2.493587136268615723e-02
2.494671940803527832e-02
2.496394515037536621e-02
2.492994070053100586e-02
2.496534585952758789e-02
2.493041753768920898e-02
2.496904134750366211e-02
2.495399117469787598e-02
2.496567368507385254e-02
2.492940425872802734e-02
2.495270967483520508e-02
2.494680881500244141e-02
2.492764592170715332e-02
2.493199706077575684e-02
2.493733167648315430e-02
2.494817972183227539e-02
2.494174242019653320e-02
2.497443556785583496e-02
2.494525909423828125e-02
2.495667338371276855e-02
2.494212985038757324e-02
2.495506405830383301e-02
2.493906021118164062e-02
2.495428919792175293e-02
2.496206760406494141e-02
2.496135234832763672e-02
2.492812275886535645e-02
2.492198348045349121e-02
2.495715022087097168e-02
2.495670318603515625e-02
2.493324875831604004e-02
2.494627237319946289e-02
2.495732903480529785e-02
2.495074272155761719e-02
2.495324611663818359e-02
2.511382102966308594e-02
2.492964267730712891e-02
2.497211098670959473e-02
2.493265271186828613e-02
2.494886517524719238e-02
2.497342228889465332e-02
2.495566010475158691e-02
2.492809295654296875e-02
2.495443820953369141e-02
2.496552467346191406e-02
2.493676543235778809e-02
2.494916319847106934e-02
2.492988109588623047e-02
2.496793866157531738e-02
2.495554089546203613e-02
2.497348189353942871e-02
2.497124671936035156e-02
2.494794130325317383e-02
2.495813369750976562e-02
2.495089173316955566e-02
2.493712306022644043e-02
2.494919300079345703e-02
2.495571970939636230e-02
2.492150664329528809e-02
2.495437860488891602e-02
2.493470907211303711e-02
2.492177486419677734e-02
2.493822574615478516e-02
2.495160698890686035e-02
2.496045827865600586e-02
2.495923638343811035e-02
2.494835853576660156e-02
2.495512366294860840e-02
2.493995428085327148e-02
2.494424581527709961e-02
2.494367957115173340e-02
2.496626973152160645e-02
2.493289113044738770e-02
2.495419979095458984e-02
2.498161792755126953e-02
2.492892742156982422e-02
2.492755651473999023e-02
2.496027946472167969e-02
2.494350075721740723e-02
2.493533492088317871e-02
2.494725584983825684e-02
2.495652437210083008e-02
2.495634555816650391e-02
2.497985959053039551e-02
2.495446801185607910e-02
2.493864297866821289e-02
2.491676807403564453e-02
2.496597170829772949e-02
2.493974566459655762e-02
2.494415640830993652e-02
2.493798732757568359e-02
2.494630217552185059e-02
2.493470907211303711e-02
2.491769194602966309e-02
2.495995163917541504e-02
2.494555711746215820e-02
2.495956420898437500e-02
2.497139573097229004e-02
2.491837739944458008e-02
2.494394779205322266e-02
2.497434616088867188e-02
2.495428919792175293e-02
2.495205402374267578e-02
2.494135499000549316e-02
2.494150400161743164e-02
2.495720982551574707e-02
2.497169375419616699e-02
2.493935823440551758e-02
2.496358752250671387e-02
2.491095662117004395e-02
2.493536472320556641e-02
2.494797110557556152e-02
2.494722604751586914e-02
2.495601773262023926e-02
2.494272589683532715e-02
2.495864033699035645e-02
2.494820952415466309e-02
2.492731809616088867e-02
2.495580911636352539e-02
2.495163679122924805e-02
2.497330307960510254e-02
2.494242787361145020e-02
2.494272589683532715e-02
2.491414546966552734e-02
2.496132254600524902e-02
2.495408058166503906e-02
2.496030926704406738e-02
2.495303750038146973e-02
2.495938539505004883e-02
2.497181296348571777e-02
2.495348453521728516e-02
2.495363354682922363e-02
2.494373917579650879e-02
2.496206760406494141e-02
2.497771382331848145e-02
2.496448159217834473e-02
2.495720982551574707e-02
2.497205138206481934e-02
2.494677901268005371e-02
2.493903040885925293e-02
2.493008971214294434e-02
2.495190501213073730e-02
2.493646740913391113e-02
2.495092153549194336e-02
2.495861053466796875e-02
2.465894818305969238e-02
2.496108412742614746e-02
2.494192123413085938e-02
2.495416998863220215e-02
2.495327591896057129e-02
2.497369050979614258e-02
2.495804429054260254e-02
2.493020892143249512e-02
2.493298053741455078e-02
2.494117617607116699e-02
2.493289113044738770e-02
2.497163414955139160e-02
2.495899796485900879e-02
2.493023872375488281e-02
2.494874596595764160e-02
2.495926618576049805e-02
2.495995163917541504e-02
2.495634555816650391e-02
2.493822574615478516e-02
2.494734525680541992e-02
2.493759989738464355e-02
2.494472265243530273e-02
2.493852376937866211e-02
2.494829893112182617e-02
2.495941519737243652e-02
2.495706081390380859e-02
2.491986751556396484e-02
2.498289942741394043e-02
2.494561672210693359e-02
2.491509914398193359e-02
2.495047450065612793e-02
2.497094869613647461e-02
2.492251992225646973e-02
2.493178844451904297e-02
2.495312690734863281e-02
2.496197819709777832e-02
2.495810389518737793e-02
2.493944764137268066e-02
2.494621276855468750e-02
2.493256330490112305e-02
2.491688728332519531e-02
2.494657039642333984e-02
2.495580911636352539e-02
2.497988939285278320e-02
2.491727471351623535e-02
2.490845322608947754e-02
2.494779229164123535e-02
2.495715022087097168e-02
2.495267987251281738e-02
2.492204308509826660e-02
2.493330836296081543e-02
2.497196197509765625e-02
2.492445707321166992e-02
2.496296167373657227e-02
2.493008971214294434e-02
2.492150664329528809e-02
2.496984601020812988e-02
2.494660019874572754e-02
2.495068311691284180e-02
2.495759725570678711e-02
2.493950724601745605e-02
2.496188879013061523e-02
2.493947744369506836e-02
2.493077516555786133e-02
2.494454383850097656e-02
2.492773532867431641e-02
2.495214343070983887e-02
2.496960759162902832e-02
2.492675185203552246e-02
2.493646740913391113e-02
2.495583891868591309e-02
2.493578195571899414e-02
2.495750784873962402e-02
2.495425939559936523e-02
2.494022250175476074e-02
2.494809031486511230e-02
2.492246031761169434e-02
2.494814991950988770e-02
2.496322989463806152e-02
2.493974566459655762e-02
2.494433522224426270e-02
2.496463060379028320e-02
2.494019269943237305e-02
2.494007349014282227e-02
2.495959401130676270e-02
2.493914961814880371e-02
2.495047450065612793e-02
2.494347095489501953e-02
2.493703365325927734e-02
2.492392063140869141e-02
2.494320273399353027e-02
2.496716380119323730e-02
2.493047714233398438e-02
2.495148777961730957e-02
2.496889233589172363e-02
2.494132518768310547e-02
2.495324611663818359e-02
2.496451139450073242e-02
2.495545148849487305e-02
2.495989203453063965e-02
2.491956949234008789e-02
2.496480941772460938e-02
2.494165301322937012e-02
2.494004368782043457e-02
2.493450045585632324e-02
2.492681145668029785e-02
2.496469020843505859e-02
2.495399117469787598e-02
2.494925260543823242e-02
2.496126294136047363e-02
2.497139573097229004e-02
2.494308352470397949e-02
2.494987845420837402e-02
2.491468191146850586e-02
2.492421865463256836e-02
2.493065595626831055e-02
2.495089173316955566e-02
2.492752671241760254e-02
2.492722868919372559e-02
2.497270703315734863e-02
2.495589852333068848e-02
2.493596076965332031e-02
2.497103810310363770e-02
2.496489882469177246e-02
2.493655681610107422e-02
2.491328120231628418e-02
2.534624934196472168e-02
2.493438124656677246e-02
2.494472265243530273e-02
2.516689896583557129e-02
2.495405077934265137e-02
2.497383952140808105e-02
2.494335174560546875e-02
2.493712306022644043e-02
2.494683861732482910e-02
2.494239807128906250e-02
2.494749426841735840e-02
2.492803335189819336e-02
2.494630217552185059e-02
2.494519948959350586e-02
2.497151494026184082e-02
2.492892742156982422e-02
2.495005726814270020e-02
2.494457364082336426e-02
2.493825554847717285e-02
2.493268251419067383e-02
2.492651343345642090e-02
2.494022250175476074e-02
2.497300505638122559e-02
2.492928504943847656e-02
2.497053146362304688e-02
2.496927976608276367e-02
2.492851018905639648e-02
2.494779229164123535e-02
2.496579289436340332e-02
2.493795752525329590e-02
2.491530776023864746e-02
2.496242523193359375e-02
2.492859959602355957e-02
2.492794394493103027e-02
2.495014667510986328e-02
2.495482563972473145e-02
2.493664622306823730e-02
2.497205138206481934e-02
2.491888403892517090e-02
2.493721246719360352e-02
2.495908737182617188e-02
2.497163414955139160e-02
2.492114901542663574e-02
2.494320273399353027e-02
2.494445443153381348e-02
2.494174242019653320e-02
2.491876482963562012e-02
2.495267987251281738e-02
2.552184462547302246e-02
2.493613958358764648e-02
2.493387460708618164e-02
2.497053146362304688e-02
2.497920393943786621e-02
2.493628859519958496e-02
2.496811747550964355e-02
2.495375275611877441e-02
2.492406964302062988e-02
2.494418621063232422e-02
2.494353055953979492e-02
2.494379878044128418e-02
2.496460080146789551e-02
2.496525645256042480e-02
2.492907643318176270e-02
2.494511008262634277e-02
2.495154738426208496e-02
2.494052052497863770e-02
2.494692802429199219e-02
2.494078874588012695e-02
2.494230866432189941e-02
2.495235204696655273e-02
2.495148777961730957e-02
2.495449781417846680e-02
2.492588758468627930e-02
2.496895194053649902e-02
2.494800090789794922e-02
2.492946386337280273e-02
2.491661906242370605e-02
2.496048808097839355e-02
2.493014931678771973e-02
2.492645382881164551e-02
2.496606111526489258e-02
2.494862675666809082e-02
2.496114373207092285e-02
2.492502331733703613e-02
2.495622634887695312e-02
2.493414282798767090e-02
2.495938539505004883e-02
2.496138215065002441e-02
2.491682767868041992e-02
2.495154738426208496e-02
2.495008707046508789e-02
2.493450045585632324e-02
2.495226263999938965e-02
2.494218945503234863e-02
2.494272589683532715e-02
2.497610449790954590e-02
2.496173977851867676e-02
2.494406700134277344e-02
2.492642402648925781e-02
2.493682503700256348e-02
2.495971322059631348e-02
2.494987845420837402e-02
2.490463852882385254e-02
2.492675185203552246e-02
2.493059635162353516e-02
2.497220039367675781e-02
2.496513724327087402e-02
2.498492598533630371e-02
2.494657039642333984e-02
2.494105696678161621e-02
2.492782473564147949e-02
2.494302392005920410e-02
2.495300769805908203e-02
2.494490146636962891e-02
2.496570348739624023e-02
2.495846152305603027e-02
2.495697140693664551e-02
2.490472793579101562e-02
2.493444085121154785e-02
2.496787905693054199e-02
2.492862939834594727e-02
2.507093548774719238e-02
2.491340041160583496e-02
2.493903040885925293e-02
2.493062615394592285e-02
2.495113015174865723e-02
2.495273947715759277e-02
2.493280172348022461e-02
2.495926618576049805e-02
2.494889497756958008e-02
2.492108941078186035e-02
2.496698498725891113e-02
2.492430806159973145e-02
2.494922280311584473e-02
2.494212985038757324e-02
2.495315670967102051e-02
2.494823932647705078e-02
2.495139837265014648e-02
2.494779229164123535e-02
2.496361732482910156e-02
2.496996521949768066e-02
2.494451403617858887e-02
2.492728829383850098e-02
2.494212985038757324e-02
2.496436238288879395e-02
2.492260932922363281e-02
2.493110299110412598e-02
2.492716908454895020e-02
2.496865391731262207e-02
2.494043111801147461e-02
2.494984865188598633e-02
2.496135234832763672e-02
2.494204044342041016e-02
2.496540546417236328e-02
2.495205402374267578e-02
2.491489052772521973e-02
2.496844530105590820e-02
2.496799826622009277e-02
2.494019269943237305e-02
2.491065859794616699e-02
2.492645382881164551e-02
2.509132027626037598e-02
2.495309710502624512e-02
2.495485544204711914e-02
2.495238184928894043e-02
2.494803071022033691e-02
2.493062615394592285e-02
2.493095397949218750e-02
2.492618560791015625e-02
2.494129538536071777e-02
2.494084835052490234e-02
2.496656775474548340e-02
2.494508028030395508e-02
2.492588758468627930e-02
2.495479583740234375e-02
2.493995428085327148e-02
2.496024966239929199e-02
2.492168545722961426e-02
2.492803335189819336e-02
2.495154738426208496e-02
2.496924996376037598e-02
2.492460608482360840e-02
2.494022250175476074e-02
2.496942877769470215e-02
2.496317028999328613e-02
2.495840191841125488e-02
2.493315935134887695e-02
2.494040131568908691e-02
2.493676543235778809e-02
2.492520213127136230e-02
2.492743730545043945e-02
2.496007084846496582e-02
2.492165565490722656e-02
2.495017647743225098e-02
2.494791150093078613e-02
2.494016289710998535e-02
2.493312954902648926e-02
2.495720982551574707e-02
2.495291829109191895e-02
2.493047714233398438e-02
2.494117617607116699e-02
2.495589852333068848e-02
2.494162321090698242e-02
2.497127652168273926e-02
2.495160698890686035e-02
2.495434880256652832e-02
2.493491768836975098e-02
2.496087551116943359e-02
2.495172619819641113e-02
2.495694160461425781e-02
2.492734789848327637e-02
2.496078610420227051e-02
2.495363354682922363e-02
2.496671676635742188e-02
2.493381500244140625e-02
2.495160698890686035e-02
2.495607733726501465e-02
2.492386102676391602e-02
2.495634555816650391e-02
2.494567632675170898e-02
2.495071291923522949e-02
2.496266365051269531e-02
2.493274211883544922e-02
2.496239542961120605e-02
2.493524551391601562e-02
2.496948838233947754e-02
2.492886781692504883e-02
2.494651079177856445e-02
2.492222189903259277e-02
2.495121955871582031e-02
2.492514252662658691e-02
2.494320273399353027e-02
2.494558691978454590e-02
2.494114637374877930e-02
2.495452761650085449e-02
2.496376633644104004e-02
2.492603659629821777e-02
2.495104074478149414e-02
2.497121691703796387e-02
2.494558691978454590e-02
2.495342493057250977e-02
2.493762969970703125e-02
2.492827177047729492e-02
2.494776248931884766e-02
2.494779229164123535e-02
2.495530247688293457e-02
2.494180202484130859e-02
2.493563294410705566e-02
2.497544884681701660e-02
2.494931221008300781e-02
2.494466304779052734e-02
2.494680881500244141e-02
2.494451403617858887e-02
2.492111921310424805e-02
2.494904398918151855e-02
2.496260404586791992e-02
2.494522929191589355e-02
2.494448423385620117e-02
2.495592832565307617e-02
2.496346831321716309e-02
2.496200799942016602e-02
2.493223547935485840e-02
2.495372295379638672e-02
2.495422959327697754e-02
2.492213249206542969e-02
2.496454119682312012e-02
2.493137121200561523e-02
2.494049072265625000e-02
2.490982413291931152e-02
2.494874596595764160e-02
2.494394779205322266e-02
2.495315670967102051e-02
2.495321631431579590e-02
2.495336532592773438e-02
2.495700120925903320e-02
2.494892477989196777e-02
2.493318915367126465e-02
2.492183446884155273e-02
2.491194009780883789e-02
2.495077252388000488e-02
2.498596906661987305e-02
2.493429183959960938e-02
2.496951818466186523e-02
2.494236826896667480e-02
2.494001388549804688e-02
2.492335438728332520e-02
2.492421865463256836e-02
2.493897080421447754e-02
2.494654059410095215e-02
2.492925524711608887e-02
2.492415904998779297e-02
2.495300769805908203e-02
2.496856451034545898e-02
2.498218417167663574e-02
2.497047185897827148e-02
2.494075894355773926e-02
2.492243051528930664e-02
2.497282624244689941e-02
2.495142817497253418e-02
2.493378520011901855e-02
2.498120069503784180e-02
2.495270967483520508e-02
2.494654059410095215e-02
2.496811747550964355e-02
2.497091889381408691e-02
2.496874332427978516e-02
2.494466304779052734e-02
2.492192387580871582e-02
2.495673298835754395e-02
2.494487166404724121e-02
2.495038509368896484e-02
2.496242523193359375e-02
2.492919564247131348e-02
2.496513724327087402e-02
2.495262026786804199e-02
2.493336796760559082e-02
2.492731809616088867e-02
2.495196461677551270e-02
2.494862675666809082e-02
2.496376633644104004e-02
2.493044734001159668e-02
2.496621012687683105e-02
2.495685219764709473e-02
2.493014931678771973e-02
2.494636178016662598e-02
2.494961023330688477e-02
2.495440840721130371e-02
2.493968605995178223e-02
2.495428919792175293e-02
2.491763234138488770e-02
2.494135499000549316e-02
2.494484186172485352e-02
2.492877840995788574e-02
2.494570612907409668e-02
2.490594983100891113e-02
2.491486072540283203e-02
2.495914697647094727e-02
2.496841549873352051e-02
2.495139837265014648e-02
2.493193745613098145e-02
2.493759989738464355e-02
2.494740486145019531e-02
2.490904927253723145e-02
2.494663000106811523e-02
2.495691180229187012e-02
2.496534585952758789e-02
2.497172355651855469e-02
2.496656775474548340e-02
2.494457364082336426e-02
2.497428655624389648e-02
2.494439482688903809e-02
2.493640780448913574e-02
2.495336532592773438e-02
2.492788434028625488e-02
2.493783831596374512e-02
2.494043111801147461e-02
2.495023608207702637e-02
2.498462796211242676e-02
2.496552467346191406e-02
2.493298053741455078e-02
2.494907379150390625e-02
2.496638894081115723e-02
2.494370937347412109e-02
2.492487430572509766e-02
2.491962909698486328e-02
2.494558691978454590e-02
2.492883801460266113e-02
2.493691444396972656e-02
2.494931221008300781e-02
2.492603659629821777e-02
2.494901418685913086e-02
2.493438124656677246e-02
2.492642402648925781e-02
2.495643496513366699e-02
2.492219209671020508e-02
2.494013309478759766e-02
2.491897344589233398e-02
2.496132254600524902e-02
2.493721246719360352e-02
2.493050694465637207e-02
2.535089850425720215e-02
2.492782473564147949e-02
2.494674921035766602e-02
2.494266629219055176e-02
2.496871352195739746e-02
2.496597170829772949e-02
2.494663000106811523e-02
2.492561936378479004e-02
2.498018741607666016e-02
2.493736147880554199e-02
2.494621276855468750e-02
2.494975924491882324e-02
2.497220039367675781e-02
2.497151494026184082e-02
2.496075630187988281e-02
2.493169903755187988e-02
2.497756481170654297e-02
2.494698762893676758e-02
2.495265007019042969e-02
2.498093247413635254e-02
2.496913075447082520e-02
2.496904134750366211e-02
2.512606978416442871e-02
2.494025230407714844e-02
2.493378520011901855e-02
2.493691444396972656e-02
2.495381236076354980e-02
2.495732903480529785e-02
2.496734261512756348e-02
2.497369050979614258e-02
2.493816614151000977e-02
2.492359280586242676e-02
2.493223547935485840e-02
2.496972680091857910e-02
2.493643760681152344e-02
2.495080232620239258e-02
2.495634555816650391e-02
2.492186427116394043e-02
2.496531605720520020e-02
2.524188160896301270e-02
2.493834495544433594e-02
2.494993805885314941e-02
2.495488524436950684e-02
2.496528625488281250e-02
2.493017911911010742e-02
2.493235468864440918e-02
2.492213249206542969e-02
2.497538924217224121e-02
2.493679523468017578e-02
2.495309710502624512e-02
2.497258782386779785e-02
2.496412396430969238e-02
2.493941783905029297e-02
2.496168017387390137e-02
2.493220567703247070e-02
2.496483922004699707e-02
2.491539716720581055e-02
2.496024966239929199e-02
2.495172619819641113e-02
2.494704723358154297e-02
2.497133612632751465e-02
2.494904398918151855e-02
2.494877576828002930e-02
2.496901154518127441e-02
2.494055032730102539e-02
2.495345473289489746e-02
2.496123313903808594e-02
2.494660019874572754e-02
2.491849660873413086e-02
2.492359280586242676e-02
2.492275834083557129e-02
2.530741691589355469e-02
2.495247125625610352e-02
2.496227622032165527e-02
2.492761611938476562e-02
2.494171261787414551e-02
2.493736147880554199e-02
2.495551109313964844e-02
2.494472265243530273e-02
2.494546771049499512e-02
2.491411566734313965e-02
2.493923902511596680e-02
2.495110034942626953e-02
2.493789792060852051e-02
2.492800354957580566e-02
2.492484450340270996e-02
2.495288848876953125e-02
2.494913339614868164e-02
2.494508028030395508e-02
2.497741580009460449e-02
2.493348717689514160e-02
2.494555711746215820e-02
2.496680617332458496e-02
2.493008971214294434e-02
2.495861053466796875e-02
2.494597434997558594e-02
2.497357130050659180e-02
2.496629953384399414e-02
2.496722340583801270e-02
2.495130896568298340e-02
2.497041225433349609e-02
2.494525909423828125e-02
2.494621276855468750e-02
2.495712041854858398e-02
2.495950460433959961e-02
2.496778964996337891e-02
2.493095397949218750e-02
2.495512366294860840e-02
2.497223019599914551e-02
2.494025230407714844e-02
2.495104074478149414e-02
2.491897344589233398e-02
2.493527531623840332e-02
2.496671676635742188e-02
2.495962381362915039e-02
2.490773797035217285e-02
2.494433522224426270e-02
2.494767308235168457e-02
2.494007349014282227e-02
2.496397495269775391e-02
2.495107054710388184e-02
2.492561936378479004e-02
2.491348981857299805e-02
2.495509386062622070e-02
2.492436766624450684e-02
2.492076158523559570e-02
2.492940425872802734e-02
2.495759725570678711e-02
2.492213249206542969e-02
2.494776248931884766e-02
2.492508292198181152e-02
2.491781115531921387e-02
2.494966983795166016e-02
2.496951818466186523e-02
2.492448687553405762e-02
2.495655417442321777e-02
2.494645118713378906e-02
2.495568990707397461e-02
2.494299411773681641e-02
2.494746446609497070e-02
2.495816349983215332e-02
2.495226263999938965e-02
2.494865655899047852e-02
2.496296167373657227e-02
2.494886517524719238e-02
2.493962645530700684e-02
2.492913603782653809e-02
2.495825290679931641e-02
2.493047714233398438e-02
2.493479847908020020e-02
2.496588230133056641e-02
2.497330307960510254e-02
2.495592832565307617e-02
2.491745352745056152e-02
2.493724226951599121e-02
2.494710683822631836e-02
2.492657303810119629e-02
2.497208118438720703e-02
2.494457364082336426e-02
2.493026852607727051e-02
2.492597699165344238e-02
2.495190501213073730e-02
2.495411038398742676e-02
2.495703101158142090e-02
2.494171261787414551e-02
2.492198348045349121e-02
2.493783831596374512e-02
2.496737241744995117e-02
2.494147419929504395e-02
2.495607733726501465e-02
2.496242523193359375e-02
2.495774626731872559e-02
2.494475245475769043e-02
2.490440011024475098e-02
2.497926354408264160e-02
2.493765950202941895e-02
2.494770288467407227e-02
2.493724226951599121e-02
2.496996521949768066e-02
2.492424845695495605e-02
2.494677901268005371e-02
2.492544054985046387e-02
2.494424581527709961e-02
2.495023608207702637e-02
2.493828535079956055e-02
2.493533492088317871e-02
2.491539716720581055e-02
2.494680881500244141e-02
2.494412660598754883e-02
2.493849396705627441e-02
2.493295073509216309e-02
2.495014667510986328e-02
2.492517232894897461e-02
2.494600415229797363e-02
2.497342228889465332e-02
2.494481205940246582e-02
2.496036887168884277e-02
2.494525909423828125e-02
2.494248747825622559e-02
2.495953440666198730e-02
2.495709061622619629e-02
2.502742409706115723e-02
2.497822046279907227e-02
2.495411038398742676e-02
2.493524551391601562e-02
2.493926882743835449e-02
2.497377991676330566e-02
2.494886517524719238e-02
2.494823932647705078e-02
2.492359280586242676e-02
2.494028210639953613e-02
2.497473359107971191e-02
2.492323517799377441e-02
2.522516250610351562e-02
2.493545413017272949e-02
2.496692538261413574e-02
2.494597434997558594e-02
2.495503425598144531e-02
2.519696950912475586e-02
2.492418885231018066e-02
2.493625879287719727e-02
2.493247389793395996e-02
2.495723962783813477e-02
2.493429183959960938e-02
2.492749691009521484e-02
2.496179938316345215e-02
2.490949630737304688e-02
2.493858337402343750e-02
2.493652701377868652e-02
2.493843436241149902e-02
2.496513724327087402e-02
2.493143081665039062e-02
2.493098378181457520e-02
2.494305372238159180e-02
2.496281266212463379e-02
2.494004368782043457e-02
2.494111657142639160e-02
2.494180202484130859e-02
2.493840456008911133e-02
2.497217059135437012e-02
2.496534585952758789e-02
2.494373917579650879e-02
2.496683597564697266e-02
2.495744824409484863e-02
2.494505047798156738e-02
2.494618296623229980e-02
2.493944764137268066e-02
2.494311332702636719e-02
2.495080232620239258e-02
2.491921186447143555e-02
2.491828799247741699e-02
2.495503425598144531e-02
2.494937181472778320e-02
2.494409680366516113e-02
2.497026324272155762e-02
2.494266629219055176e-02
2.494728565216064453e-02
2.493223547935485840e-02
2.492979168891906738e-02
2.495548129081726074e-02
2.493089437484741211e-02
2.497500181198120117e-02
2.492910623550415039e-02
2.491638064384460449e-02
2.492234110832214355e-02
2.493202686309814453e-02
2.493956685066223145e-02
2.493098378181457520e-02
2.494233846664428711e-02
2.495428919792175293e-02
2.496567368507385254e-02
2.491775155067443848e-02
2.494767308235168457e-02
2.493420243263244629e-02
2.493116259574890137e-02
2.496415376663208008e-02
2.494087815284729004e-02
2.497258782386779785e-02
2.491316199302673340e-02
2.492830157279968262e-02
2.515834569931030273e-02
2.493998408317565918e-02
2.493527531623840332e-02
2.497991919517517090e-02
2.495816349983215332e-02
2.495017647743225098e-02
2.494081854820251465e-02
2.496337890625000000e-02
2.495166659355163574e-02
2.493473887443542480e-02
2.495381236076354980e-02
2.491751313209533691e-02
2.494561672210693359e-02
2.494224905967712402e-02
2.498283982276916504e-02
2.493539452552795410e-02
2.494102716445922852e-02
2.495828270912170410e-02
2.493056654930114746e-02
2.494603395462036133e-02
2.493235468864440918e-02
2.493771910667419434e-02
2.495577931404113770e-02
2.491188049316406250e-02
2.496823668479919434e-02
2.494096755981445312e-02
2.493041753768920898e-02
2.497005462646484375e-02
2.492552995681762695e-02
2.494302392005920410e-02
2.495348453521728516e-02
2.497240900993347168e-02
2.494665980339050293e-02
2.492025494575500488e-02
2.495551109313964844e-02
2.493873238563537598e-02
2.558007836341857910e-02
2.494084835052490234e-02
2.496549487113952637e-02
2.492040395736694336e-02
2.493834495544433594e-02
2.490901947021484375e-02
2.495485544204711914e-02
2.495986223220825195e-02
2.494958043098449707e-02
2.492332458496093750e-02
2.497276663780212402e-02
2.492773532867431641e-02
2.491852641105651855e-02
2.493515610694885254e-02
2.495065331459045410e-02
2.495869994163513184e-02
2.495425939559936523e-02
2.496442198753356934e-02
2.496680617332458496e-02
2.493429183959960938e-02
2.492022514343261719e-02
2.493897080421447754e-02
2.495118975639343262e-02
2.496775984764099121e-02
2.497395873069763184e-02
2.495566010475158691e-02
2.493900060653686523e-02
2.497205138206481934e-02
2.493175864219665527e-02
2.495172619819641113e-02
2.496662735939025879e-02
2.495548129081726074e-02
2.495554089546203613e-02
2.492627501487731934e-02
2.496019005775451660e-02
2.493244409561157227e-02
2.494534850120544434e-02
2.493867278099060059e-02
2.493610978126525879e-02
2.492883801460266113e-02
2.495947480201721191e-02
2.493900060653686523e-02
2.494680881500244141e-02
2.497136592864990234e-02
2.493962645530700684e-02
2.495819330215454102e-02
2.496880292892456055e-02
2.494916319847106934e-02
2.495345473289489746e-02
2.497783303260803223e-02
2.496042847633361816e-02
2.494055032730102539e-02
2.493280172348022461e-02
2.491816878318786621e-02
2.496099472045898438e-02
2.491974830627441406e-02
2.495673298835754395e-02
2.494233846664428711e-02
2.493754029273986816e-02
2.494221925735473633e-02
2.494695782661437988e-02
2.494338154792785645e-02
2.495220303535461426e-02
2.498689293861389160e-02
2.495762705802917480e-02
2.496382594108581543e-02
2.494466304779052734e-02
2.496230602264404297e-02
2.495256066322326660e-02
2.494382858276367188e-02
2.494725584983825684e-02
2.493587136268615723e-02
2.497673034667968750e-02
2.495518326759338379e-02
2.495455741882324219e-02
2.492052316665649414e-02
2.496340870857238770e-02
2.491492033004760742e-02
2.497094869613647461e-02
2.493909001350402832e-02
2.491617202758789062e-02
2.492889761924743652e-02
2.494153380393981934e-02
2.493655681610107422e-02
2.497547864913940430e-02
2.492344379425048828e-02
2.491858601570129395e-02
2.493581175804138184e-02
2.494123578071594238e-02
2.496293187141418457e-02
2.497652173042297363e-02
2.495971322059631348e-02
2.493762969970703125e-02
2.492210268974304199e-02
2.509364485740661621e-02
2.495494484901428223e-02
2.493992447853088379e-02
2.492496371269226074e-02
2.493545413017272949e-02
2.492886781692504883e-02
2.493399381637573242e-02
2.494329214096069336e-02
2.495750784873962402e-02
2.495867013931274414e-02
2.494481205940246582e-02
2.492725849151611328e-02
2.495253086090087891e-02
2.498745918273925781e-02
2.493393421173095703e-02
2.493980526924133301e-02
2.493453025817871094e-02
2.494177222251892090e-02
2.495828270912170410e-02
2.494946122169494629e-02
2.494969964027404785e-02
2.494224905967712402e-02
2.495950460433959961e-02
2.491700649261474609e-02
2.493867278099060059e-02
2.494189143180847168e-02
2.493634819984436035e-02
2.492591738700866699e-02
2.493488788604736328e-02
2.492818236351013184e-02
2.495980262756347656e-02
2.496346831321716309e-02
2.361920475959777832e-02
2.491387724876403809e-02
2.493998408317565918e-02
2.494436502456665039e-02
2.495315670967102051e-02
2.493143081665039062e-02
2.494093775749206543e-02
2.492615580558776855e-02
2.496480941772460938e-02
2.495315670967102051e-02
2.498337626457214355e-02
2.493351697921752930e-02
2.492746710777282715e-02
2.494239807128906250e-02
2.494469285011291504e-02
2.494952082633972168e-02
2.495488524436950684e-02
2.497395873069763184e-02
2.496644854545593262e-02
2.493497729301452637e-02
2.496534585952758789e-02
2.493926882743835449e-02
2.498248219490051270e-02
2.491444349288940430e-02
2.497142553329467773e-02
2.495327591896057129e-02
2.495357394218444824e-02
2.493897080421447754e-02
2.495977282524108887e-02
2.492380142211914062e-02
2.494844794273376465e-02
2.496519684791564941e-02
2.495622634887695312e-02
2.495515346527099609e-02
2.494588494300842285e-02
2.494308352470397949e-02
2.493289113044738770e-02
2.493813633918762207e-02
2.492994070053100586e-02
2.492171525955200195e-02
2.495044469833374023e-02
2.494251728057861328e-02
2.494472265243530273e-02
2.495542168617248535e-02
2.494287490844726562e-02
2.494359016418457031e-02
2.494528889656066895e-02
2.495035529136657715e-02
2.493613958358764648e-02
2.495464682579040527e-02
2.496987581253051758e-02
2.495577931404113770e-02
2.494019269943237305e-02
2.495017647743225098e-02
2.492731809616088867e-02
2.496358752250671387e-02
2.492597699165344238e-02
2.490660548210144043e-02
2.491608262062072754e-02
2.494478225708007812e-02
2.493748068809509277e-02
2.496001124382019043e-02
2.496096491813659668e-02
2.494037151336669922e-02
2.496123313903808594e-02
2.492383122444152832e-02
2.494540810585021973e-02
2.496036887168884277e-02
2.497363090515136719e-02
2.494093775749206543e-02
2.495259046554565430e-02
2.493259310722351074e-02
2.494755387306213379e-02
2.496790885925292969e-02
2.493178844451904297e-02
2.495178580284118652e-02
2.493026852607727051e-02
2.493959665298461914e-02
2.495896816253662109e-02
2.493703365325927734e-02
2.495843172073364258e-02
2.496284246444702148e-02
2.491769194602966309e-02
2.493888139724731445e-02
2.492958307266235352e-02
2.495992183685302734e-02
2.493411302566528320e-02
2.493691444396972656e-02
2.495405077934265137e-02
2.493664622306823730e-02
2.496367692947387695e-02
2.496457099914550781e-02
2.493134140968322754e-02
2.496013045310974121e-02
2.494707703590393066e-02
2.494272589683532715e-02
2.498313784599304199e-02
2.494522929191589355e-02
2.495989203453063965e-02
2.494940161705017090e-02
2.496230602264404297e-02
2.496027946472167969e-02
2.495825290679931641e-02
2.494689822196960449e-02
2.494099736213684082e-02
2.497628331184387207e-02
2.493414282798767090e-02
2.494862675666809082e-02
2.495154738426208496e-02
2.496635913848876953e-02
2.494814991950988770e-02
2.495071291923522949e-02
2.496281266212463379e-02
2.494505047798156738e-02
2.493128180503845215e-02
2.493196725845336914e-02
2.495208382606506348e-02
2.493152022361755371e-02
2.497097849845886230e-02
2.495023608207702637e-02
2.493152022361755371e-02
2.494350075721740723e-02
2.497276663780212402e-02
2.494406700134277344e-02
2.495059370994567871e-02
2.496084570884704590e-02
2.494090795516967773e-02
2.495121955871582031e-02
2.492901682853698730e-02
2.495810389518737793e-02
2.490949630737304688e-02
2.495488524436950684e-02
2.495279908180236816e-02
2.495405077934265137e-02
2.496439218521118164e-02
2.493014931678771973e-02
2.497729659080505371e-02
2.494546771049499512e-02
2.494066953659057617e-02
