8.947822451591491699e-02
1.555960346013307571e-02
1.490605343133211136e-02
1.152293104678392410e-02
1.060215104371309280e-02
8.440492674708366394e-03
7.817867211997509003e-03
7.338505238294601440e-03
6.686197128146886826e-03
6.042907480150461197e-03
5.456006620079278946e-03
4.851236939430236816e-03
4.361412022262811661e-03
3.967666532844305038e-03
3.674553008750081062e-03
3.538906574249267578e-03
3.436084836721420288e-03
3.379558911547064781e-03
3.335640067234635353e-03
3.288353560492396355e-03
3.261017845943570137e-03
3.210592316463589668e-03
3.182853339239954948e-03
3.150156466290354729e-03
3.150876611471176147e-03
3.115633735433220863e-03
3.091897815465927124e-03
3.068612189963459969e-03
3.050766186788678169e-03
3.036529757082462311e-03
3.028226783499121666e-03
2.999279648065567017e-03
2.958051161840558052e-03
2.991624874994158745e-03
2.959809964522719383e-03
2.901538275182247162e-03
2.843583701178431511e-03
2.813594182953238487e-03
2.764437580481171608e-03
2.705286256968975067e-03
2.679694443941116333e-03
2.636132529005408287e-03
2.570124343037605286e-03
2.512981882318854332e-03
2.456286689266562462e-03
2.359810518100857735e-03
2.295869402587413788e-03
2.237377455458045006e-03
2.185060409829020500e-03
2.111916197463870049e-03
2.071665367111563683e-03
2.013892401009798050e-03
1.967716263607144356e-03
1.921976567246019840e-03
1.893209293484687805e-03
1.856905873864889145e-03
1.819323864765465260e-03
1.803741441108286381e-03
1.770141418091952801e-03
1.761514809913933277e-03
1.755088916979730129e-03
1.715513528324663639e-03
1.711644348688423634e-03
1.806711312383413315e-03
1.722536166198551655e-03
1.707525923848152161e-03
1.707372721284627914e-03
1.685287803411483765e-03
1.671884790994226933e-03
1.657317858189344406e-03
1.642879098653793335e-03
1.645801588892936707e-03
1.632869243621826172e-03
1.636269502341747284e-03
1.631215563975274563e-03
1.631154562346637249e-03
1.683201757259666920e-03
1.638238318264484406e-03
1.636863104067742825e-03
1.637569628655910492e-03
1.588658895343542099e-03
1.589870080351829529e-03
1.579679083079099655e-03
1.583364792168140411e-03
1.572724897414445877e-03
1.590106636285781860e-03
1.585061661899089813e-03
1.603958546184003353e-03
1.547656604088842869e-03
1.639654859900474548e-03
1.553503214381635189e-03
1.536821015179157257e-03
1.550963497720658779e-03
1.569417654536664486e-03
1.547486172057688236e-03
1.561102457344532013e-03
1.540408935397863388e-03
1.528760883957147598e-03
1.527226879261434078e-03
1.526601146906614304e-03
1.517791766673326492e-03
1.532275346107780933e-03
1.529222936369478703e-03
1.536009483970701694e-03
1.567644416354596615e-03
1.570963882841169834e-03
1.552557223476469517e-03
1.566586433909833431e-03
1.629344187676906586e-03
1.616391702555119991e-03
1.586861326359212399e-03
1.602448872290551662e-03
1.548763015307486057e-03
1.539309509098529816e-03
1.598929055035114288e-03
1.535741961561143398e-03
1.519946730695664883e-03
1.506218570284545422e-03
1.518676057457923889e-03
1.536789699457585812e-03
1.529301051050424576e-03
1.494087395258247852e-03
1.480569713748991489e-03
1.482145860791206360e-03
1.484484295360743999e-03
1.476712059229612350e-03
1.501286984421312809e-03
1.483638770878314972e-03
1.487422850914299488e-03
1.482962630689144135e-03
1.481824438087642193e-03
1.506889238953590393e-03
1.489640795625746250e-03
1.478462363593280315e-03
1.466552144847810268e-03
1.458039041608572006e-03
1.464153057895600796e-03
1.454970915801823139e-03
1.469545415602624416e-03
1.513758790679275990e-03
1.532906782813370228e-03
1.515946816653013229e-03
1.451352494768798351e-03
1.487188390456140041e-03
1.491092494688928127e-03
1.493875868618488312e-03
1.495981006883084774e-03
1.475555356591939926e-03
1.453227945603430271e-03
1.467434340156614780e-03
1.450812793336808681e-03
1.458001905120909214e-03
1.451060990802943707e-03
1.459720893763005733e-03
1.476885401643812656e-03
1.452908269129693508e-03
1.468018977902829647e-03
1.485235872678458691e-03
1.493018469773232937e-03
1.468329573981463909e-03
1.488373614847660065e-03
1.479924190789461136e-03
1.500182785093784332e-03
1.491228700615465641e-03
1.506538013927638531e-03
1.539836055599153042e-03
1.621130271814763546e-03
1.549796783365309238e-03
1.520331134088337421e-03
1.441444852389395237e-03
1.444069086574018002e-03
1.484030275605618954e-03
1.457892940379679203e-03
1.443532295525074005e-03
1.450203475542366505e-03
1.476107980124652386e-03
1.466000103391706944e-03
1.488317735493183136e-03
1.464989036321640015e-03
1.486440305598080158e-03
1.516008749604225159e-03
1.473637879826128483e-03
1.486349268816411495e-03
1.422755420207977295e-03
1.427173148840665817e-03
1.451757852919399738e-03
1.424642745405435562e-03
1.426149159669876099e-03
1.425425871275365353e-03
1.470208750106394291e-03
1.423831214196980000e-03
1.454591285437345505e-03
1.468437374569475651e-03
1.471132971346378326e-03
1.520428922958672047e-03
1.468126662075519562e-03
1.511020236648619175e-03
1.469188719056546688e-03
1.428767223842442036e-03
1.426281407475471497e-03
1.451609306968748569e-03
1.431996817700564861e-03
1.461256761103868484e-03
1.440947526134550571e-03
1.454904559068381786e-03
1.438097562640905380e-03
1.437059720046818256e-03
1.456865458749234676e-03
1.506590284407138824e-03
1.470002345740795135e-03
1.427200040780007839e-03
1.414122409187257290e-03
1.424818765372037888e-03
1.486532739363610744e-03
1.458267099224030972e-03
1.480154693126678467e-03
1.464555040001869202e-03
1.404883689247071743e-03
1.421368680894374847e-03
1.409418764524161816e-03
1.429830212146043777e-03
1.449971459805965424e-03
1.427312381565570831e-03
1.429104595445096493e-03
1.410131226293742657e-03
1.408930751495063305e-03
1.440464053303003311e-03
1.439851592294871807e-03
1.431991346180438995e-03
1.414915430359542370e-03
1.430094591341912746e-03
1.402831519953906536e-03
1.389456447213888168e-03
1.404045731760561466e-03
1.419331063516438007e-03
1.417497522197663784e-03
1.406461582519114017e-03
1.429953263141214848e-03
1.449848175980150700e-03
1.408484415151178837e-03
1.397396088577806950e-03
1.408827840350568295e-03
1.470649964176118374e-03
1.448705210350453854e-03
1.435897895134985447e-03
1.436527236364781857e-03
1.422471017576754093e-03
1.428922638297080994e-03
1.410924829542636871e-03
1.395028084516525269e-03
1.385309151373803616e-03
1.387071912176907063e-03
1.430956064723432064e-03
1.403076457791030407e-03
1.431216602213680744e-03
1.445496804080903530e-03
1.401593908667564392e-03
1.392086618579924107e-03
1.416034530848264694e-03
1.405953778885304928e-03
1.393044949509203434e-03
1.391240279190242290e-03
1.409955206327140331e-03
1.420799293555319309e-03
1.393336686305701733e-03
1.383745577186346054e-03
1.388356089591979980e-03
1.381907262839376926e-03
1.393948565237224102e-03
1.441950909793376923e-03
1.435833401046693325e-03
1.423950190655887127e-03
1.384128467179834843e-03
1.389766111969947815e-03
1.380171044729650021e-03
1.374345389194786549e-03
1.385401585139334202e-03
1.389548764564096928e-03
1.422454603016376495e-03
1.388185191899538040e-03
1.401943038217723370e-03
1.377286273054778576e-03
1.415301579982042313e-03
1.405624090693891048e-03
1.414227881468832493e-03
1.413152436725795269e-03
1.387775060720741749e-03
1.423071720637381077e-03
1.403564936481416225e-03
1.399309840053319931e-03
1.407758682034909725e-03
1.365418895147740841e-03
1.432341989129781723e-03
1.404007314704358578e-03
1.411051140166819096e-03
1.386272604577243328e-03
1.398127526044845581e-03
1.401000306941568851e-03
1.397061161696910858e-03
1.362475217320024967e-03
1.383892609737813473e-03
1.390630844980478287e-03
1.400275505147874355e-03
1.385308918543159962e-03
1.377117005176842213e-03
1.387128606438636780e-03
1.399204600602388382e-03
1.415574341081082821e-03
1.419259118847548962e-03
1.508659566752612591e-03
1.473681186325848103e-03
1.440362073481082916e-03
1.382742659188807011e-03
1.484852749854326248e-03
1.373101607896387577e-03
1.389730372466146946e-03
1.375718973577022552e-03
1.383334049023687840e-03
1.404709299094974995e-03
1.407241914421319962e-03
1.452793367207050323e-03
1.399767235852777958e-03
1.358364126645028591e-03
1.345442025922238827e-03
1.349380239844322205e-03
1.343691139481961727e-03
1.376783824525773525e-03
1.383695635013282299e-03
1.354415551759302616e-03
1.358148059807717800e-03
1.373950042761862278e-03
1.376085099764168262e-03
1.351287588477134705e-03
1.345703261904418468e-03
1.353750005364418030e-03
1.368045923300087452e-03
1.359396264888346195e-03
1.356182154268026352e-03
1.380265573970973492e-03
1.385762239806354046e-03
1.382655813358724117e-03
1.346112228929996490e-03
1.337887835688889027e-03
1.372853177599608898e-03
1.375337713398039341e-03
1.353278756141662598e-03
1.375813153572380543e-03
1.393022481352090836e-03
1.355291809886693954e-03
1.340686692856252193e-03
1.379904337227344513e-03
1.355801708996295929e-03
1.372391474433243275e-03
1.358528272248804569e-03
1.355649787001311779e-03
1.367772812955081463e-03
1.430044299922883511e-03
1.441001077182590961e-03
1.468935399316251278e-03
1.396995619870722294e-03
1.380421803332865238e-03
1.364251482300460339e-03
1.392798963934183121e-03
1.366335549391806126e-03
1.339006121270358562e-03
1.343146781437098980e-03
1.334547065198421478e-03
1.349865808151662350e-03
1.359840389341115952e-03
1.387566677294671535e-03
1.358660752885043621e-03
1.376810600049793720e-03
1.359250978566706181e-03
1.350467209704220295e-03
1.347719342447817326e-03
1.336908899247646332e-03
1.347413170151412487e-03
1.375252380967140198e-03
1.394608523696660995e-03
1.391542609781026840e-03
1.358822570182383060e-03
1.360796042717993259e-03
1.382304821163415909e-03
1.397853833623230457e-03
1.515849493443965912e-03
1.520539983175694942e-03
1.454974873922765255e-03
1.401482615619897842e-03
1.371027436107397079e-03
1.365969073958694935e-03
1.367163378745317459e-03
1.346159260720014572e-03
1.346582546830177307e-03
1.361295580863952637e-03
1.345618977211415768e-03
1.331478008069097996e-03
1.328158075921237469e-03
1.328259240835905075e-03
1.330515020526945591e-03
1.337939524091780186e-03
1.339528709650039673e-03
1.379334717057645321e-03
1.377797336317598820e-03
1.342708244919776917e-03
1.345834694802761078e-03
1.366783864796161652e-03
1.443983055651187897e-03
1.453982084058225155e-03
1.546635292470455170e-03
1.375217922031879425e-03
1.413759891875088215e-03
1.340596587397158146e-03
1.341284601949155331e-03
1.361797214485704899e-03
1.344844582490622997e-03
1.397633343003690243e-03
1.353540923446416855e-03
1.334256492555141449e-03
1.341343857347965240e-03
1.325982157140970230e-03
1.391346915625035763e-03
1.353718456812202930e-03
1.361348666250705719e-03
1.351372338831424713e-03
1.330495229922235012e-03
1.321503892540931702e-03
1.311500207521021366e-03
1.318763592280447483e-03
1.327396021224558353e-03
1.322131953202188015e-03
1.321911462582647800e-03
1.351453247480094433e-03
1.438850187696516514e-03
1.464495086111128330e-03
1.389602548442780972e-03
1.496046199463307858e-03
1.361361355520784855e-03
1.420883112587034702e-03
1.405867398716509342e-03
1.377266016788780689e-03
1.363007468171417713e-03
1.336499117314815521e-03
1.323749893344938755e-03
1.341076218523085117e-03
1.341559807769954205e-03
1.333310734480619431e-03
1.343100913800299168e-03
1.335030770860612392e-03
1.346777076832950115e-03
1.309321261942386627e-03
1.324271783232688904e-03
1.338631031103432178e-03
1.359074376523494720e-03
1.353567349724471569e-03
1.445337664335966110e-03
1.462894608266651630e-03
1.524900668300688267e-03
1.410643220879137516e-03
1.354336156509816647e-03
1.320023671723902225e-03
1.325331511907279491e-03
1.323281205259263515e-03
1.313180546276271343e-03
1.297716866247355938e-03
1.312698237597942352e-03
1.327499281615018845e-03
1.344773569144308567e-03
1.318896189332008362e-03
1.324445940554141998e-03
1.317933551035821438e-03
1.318114227615296841e-03
1.320453942753374577e-03
1.333163701929152012e-03
1.311136758886277676e-03
1.297909300774335861e-03
1.308943727053701878e-03
1.305116224102675915e-03
1.320542651228606701e-03
1.309571322053670883e-03
1.307925558649003506e-03
1.306904363445937634e-03
1.308802631683647633e-03
1.314114429987967014e-03
1.321478281170129776e-03
1.325505319982767105e-03
1.344813383184373379e-03
1.339024864137172699e-03
1.356163178570568562e-03
1.365343225188553333e-03
1.314221881330013275e-03
1.318630180321633816e-03
1.317719346843659878e-03
1.308318576775491238e-03
1.330593251623213291e-03
1.337992027401924133e-03
1.334623782895505428e-03
1.332061365246772766e-03
1.325419289059937000e-03
1.341991475783288479e-03
1.372565049678087234e-03
1.379902823828160763e-03
1.320471637882292271e-03
1.320963143371045589e-03
1.314617344178259373e-03
1.318802940659224987e-03
1.296235597692430019e-03
1.318753231316804886e-03
1.340458169579505920e-03
1.333659980446100235e-03
1.355833839625120163e-03
1.329706516116857529e-03
1.371225225739181042e-03
1.311379135586321354e-03
1.298826304264366627e-03
1.306619844399392605e-03
1.324785873293876648e-03
1.317261601798236370e-03
1.379677676595747471e-03
1.333048450760543346e-03
1.408046693541109562e-03
1.396939740516245365e-03
1.386744552291929722e-03
1.370580983348190784e-03
1.432106480933725834e-03
1.337472698651254177e-03
1.349933445453643799e-03
1.294374931603670120e-03
1.310087391175329685e-03
1.306302729062736034e-03
1.329152262769639492e-03
1.366477343253791332e-03
1.366046257317066193e-03
1.366675016470253468e-03
1.313455402851104736e-03
1.343351439572870731e-03
1.298076822422444820e-03
1.299919444136321545e-03
1.335517154075205326e-03
1.354869105853140354e-03
1.328057493083178997e-03
1.325429999269545078e-03
1.307201921008527279e-03
1.284272526390850544e-03
1.303351134993135929e-03
1.347503974102437496e-03
1.366748940199613571e-03
1.387318712659180164e-03
1.339881564490497112e-03
1.354464679025113583e-03
1.319730654358863831e-03
1.344817690551280975e-03
1.371795311570167542e-03
1.305328332819044590e-03
1.356264925561845303e-03
1.339368522167205811e-03
1.320577692240476608e-03
1.295574009418487549e-03
1.298863557167351246e-03
1.314996159635484219e-03
1.429638825356960297e-03
1.381067093461751938e-03
1.347091048955917358e-03
1.303256489336490631e-03
1.295082271099090576e-03
1.290615880861878395e-03
1.305290032178163528e-03
1.313555985689163208e-03
1.336360350251197815e-03
1.302556716836988926e-03
1.319108530879020691e-03
1.325340359471738338e-03
1.322774332948029041e-03
1.401366316713392735e-03
1.367265009321272373e-03
1.432109973393380642e-03
1.411064527928829193e-03
1.449192408472299576e-03
1.348219229839742184e-03
1.425262191332876682e-03
1.351500861346721649e-03
1.394542981870472431e-03
1.314977766014635563e-03
1.367420540191233158e-03
1.394851133227348328e-03
1.302450313232839108e-03
1.286652055568993092e-03
1.290893298573791981e-03
1.294795423746109009e-03
1.297021168284118176e-03
1.324735232628881931e-03
1.354674226604402065e-03
1.397680141963064671e-03
1.403521397151052952e-03
1.292776898480951786e-03
1.293629058636724949e-03
1.290790154598653316e-03
1.278166077099740505e-03
1.296571572311222553e-03
1.310322782956063747e-03
1.328510814346373081e-03
1.339620328508317471e-03
1.464510452933609486e-03
1.390584395267069340e-03
1.327979029156267643e-03
1.317037735134363174e-03
1.308696693740785122e-03
1.298101968131959438e-03
1.293380861170589924e-03
1.268241205252707005e-03
1.293582841753959656e-03
1.308019156567752361e-03
1.316122827120125294e-03
1.366592827253043652e-03
1.313905231654644012e-03
1.297930837608873844e-03
1.302893855608999729e-03
1.381193753331899643e-03
1.332848216407001019e-03
1.312278094701468945e-03
1.284962170757353306e-03
1.275212853215634823e-03
1.278287847526371479e-03
1.281322562135756016e-03
1.290657557547092438e-03
1.334663829766213894e-03
1.328761107288300991e-03
1.307452563196420670e-03
1.304637291468679905e-03
1.287180581130087376e-03
1.313730492256581783e-03
1.372530707158148289e-03
1.317642163485288620e-03
1.385253272019326687e-03
1.338589005172252655e-03
1.385418698191642761e-03
1.303605386056005955e-03
1.297272392548620701e-03
1.271959743462502956e-03
1.277459901757538319e-03
1.286730403080582619e-03
1.280023017898201942e-03
1.281366567127406597e-03
1.323921140283346176e-03
1.319578848779201508e-03
1.374041661620140076e-03
1.304558827541768551e-03
1.308278762735426426e-03
1.292475964874029160e-03
1.310424995608627796e-03
1.311287749558687210e-03
1.336819143034517765e-03
1.336632645688951015e-03
1.337001449428498745e-03
1.335109234787523746e-03
1.296645612455904484e-03
1.302029937505722046e-03
1.284170895814895630e-03
1.329449820332229137e-03
1.349582336843013763e-03
1.301010954193770885e-03
1.295091002248227596e-03
1.313193584792315960e-03
1.280465046875178814e-03
1.292016939260065556e-03
1.296301721595227718e-03
1.298655173741281033e-03
1.302792690694332123e-03
1.314478577114641666e-03
1.327296136878430843e-03
1.329275197349488735e-03
1.295747119002044201e-03
1.439630403183400631e-03
1.347679062746465206e-03
1.354913576506078243e-03
1.321108080446720123e-03
1.278807525523006916e-03
1.306275837123394012e-03
1.369736506603658199e-03
1.420792774297297001e-03
1.457487116567790508e-03
1.489389105699956417e-03
1.331789302639663219e-03
1.371448743157088757e-03
1.459425431676208973e-03
1.576940878294408321e-03
1.503135194070637226e-03
1.416649087332189083e-03
1.377759152092039585e-03
1.323057687841355801e-03
1.313799410127103329e-03
1.414688420481979847e-03
1.292457338422536850e-03
1.285540638491511345e-03
1.300647039897739887e-03
1.301741343922913074e-03
1.273160916753113270e-03
1.286757062189280987e-03
1.265984610654413700e-03
1.278867130167782307e-03
1.308122649788856506e-03
1.331195817328989506e-03
1.290736603550612926e-03
1.317690708674490452e-03
1.373912324197590351e-03
1.325912424363195896e-03
1.279276912100613117e-03
1.277326606214046478e-03
1.274058246053755283e-03
1.277590519748628139e-03
1.278661540709435940e-03
1.266303821466863155e-03
1.291970838792622089e-03
1.268263906240463257e-03
1.276590046472847462e-03
1.298446324653923512e-03
1.324779004789888859e-03
1.340278540737926960e-03
1.355419517494738102e-03
1.339417300187051296e-03
1.340353279374539852e-03
1.291689346544444561e-03
1.272556954063475132e-03
1.299061696045100689e-03
1.279128366149961948e-03
1.286808517761528492e-03
1.329065184108912945e-03
1.284707454033195972e-03
1.328900107182562351e-03
1.305181533098220825e-03
1.302238553762435913e-03
1.287188963033258915e-03
1.315760309807956219e-03
1.351404469460248947e-03
1.319998758845031261e-03
1.298166229389607906e-03
1.274027978070080280e-03
1.254635746590793133e-03
1.259012497030198574e-03
1.287592574954032898e-03
1.291125430725514889e-03
1.269122469238936901e-03
1.270141685381531715e-03
1.263797399587929249e-03
1.261101569980382919e-03
1.254808506928384304e-03
1.272441935725510120e-03
1.276135328225791454e-03
1.284951460547745228e-03
1.279823016375303268e-03
1.275615650229156017e-03
1.290788990445435047e-03
1.275847200304269791e-03
1.304735080339014530e-03
1.271898509003221989e-03
1.291971304453909397e-03
1.322016585618257523e-03
1.282970886677503586e-03
1.259501441381871700e-03
1.288526458665728569e-03
1.268022810108959675e-03
1.286412123590707779e-03
1.254598493687808514e-03
1.266744802705943584e-03
1.260824967175722122e-03
1.255927374586462975e-03
1.245736842975020409e-03
1.249079126864671707e-03
1.253647147677838802e-03
1.250773784704506397e-03
1.279963762499392033e-03
1.295452588237822056e-03
1.314041088335216045e-03
1.297569018788635731e-03
1.267110230401158333e-03
1.275200163945555687e-03
1.295310328714549541e-03
1.265187864191830158e-03
1.267117680981755257e-03
1.256211427971720695e-03
1.244579441845417023e-03
1.253957510925829411e-03
1.257568015716969967e-03
1.264584367163479328e-03
1.368883880786597729e-03
1.303956378251314163e-03
1.281991484574973583e-03
1.266822335310280323e-03
1.297169947065412998e-03
1.290769549086689949e-03
1.314809080213308334e-03
1.337350462563335896e-03
1.270536798983812332e-03
1.255574752576649189e-03
1.250783912837505341e-03
1.250039553269743919e-03
1.258748467080295086e-03
1.242954516783356667e-03
1.245710649527609348e-03
1.292458618991076946e-03
1.303976750932633877e-03
1.320445095188915730e-03
1.257455907762050629e-03
1.257148920558393002e-03
1.263572834432125092e-03
1.249955384992063046e-03
1.282489742152392864e-03
1.271081855520606041e-03
1.274349633604288101e-03
1.262867241166532040e-03
1.273802947252988815e-03
1.289855688810348511e-03
1.287069520913064480e-03
1.311883446760475636e-03
1.265897648409008980e-03
1.260929857380688190e-03
1.263621496036648750e-03
1.290839747525751591e-03
1.264313235878944397e-03
1.255667186342179775e-03
1.240364625118672848e-03
1.252492307685315609e-03
1.256221323274075985e-03
1.276751863770186901e-03
1.313890796154737473e-03
1.317161484621465206e-03
1.300249132327735424e-03
1.243965583853423595e-03
1.258773147128522396e-03
1.264511607587337494e-03
1.255051814951002598e-03
1.252474379725754261e-03
1.264569000340998173e-03
1.270279637537896633e-03
1.275328453630208969e-03
1.262280624359846115e-03
1.232260721735656261e-03
1.237565651535987854e-03
1.277182134799659252e-03
1.294975285418331623e-03
1.268433057703077793e-03
1.264346879906952381e-03
1.247768639586865902e-03
1.279596937820315361e-03
1.256883144378662109e-03
1.248037558980286121e-03
1.242871279828250408e-03
1.243830658495426178e-03
1.238654018379747868e-03
1.249510911293327808e-03
1.262888661585748196e-03
1.266547245904803276e-03
1.272092922590672970e-03
1.241037971340119839e-03
1.259768847376108170e-03
1.255102455615997314e-03
1.260272110812366009e-03
1.263604150153696537e-03
1.240977668203413486e-03
1.240497222170233727e-03
1.264533842913806438e-03
1.413063029758632183e-03
1.369742327369749546e-03
1.352605409920215607e-03
1.310350373387336731e-03
1.369308680295944214e-03
1.272058114409446716e-03
1.270309439860284328e-03
1.260462100617587566e-03
1.258487813174724579e-03
1.269186264835298061e-03
1.251369831152260303e-03
1.247786451131105423e-03
1.242900849319994450e-03
1.244051964022219181e-03
1.235506031662225723e-03
1.243891427293419838e-03
1.239731558598577976e-03
1.244379440322518349e-03
1.250937697477638721e-03
1.254708040505647659e-03
1.252509537152945995e-03
1.274769776500761509e-03
1.245183986611664295e-03
1.260055461898446083e-03
1.254985341802239418e-03
1.282108598388731480e-03
1.284439465962350368e-03
1.235210453160107136e-03
1.272902358323335648e-03
1.240616082213819027e-03
1.236492651514708996e-03
1.257405034266412258e-03
1.239474164322018623e-03
1.260900055058300495e-03
1.295086345635354519e-03
1.257102820090949535e-03
1.233010436408221722e-03
1.244262326508760452e-03
1.245283638127148151e-03
1.263029407709836960e-03
1.248606014996767044e-03
1.268909662030637264e-03
1.256374758668243885e-03
1.236640964634716511e-03
1.231458038091659546e-03
1.242314116097986698e-03
1.231915433891117573e-03
1.230192254297435284e-03
1.230001333169639111e-03
1.248881570063531399e-03
1.255579176358878613e-03
1.282848068512976170e-03
1.313733053393661976e-03
1.253281603567302227e-03
1.315829926170408726e-03
1.304226461797952652e-03
1.335151377134025097e-03
1.335867214947938919e-03
1.327757141552865505e-03
1.335142063908278942e-03
1.309555023908615112e-03
1.341267605312168598e-03
1.289785373955965042e-03
1.258527627214789391e-03
1.339526730589568615e-03
1.261618803255259991e-03
1.314952038228511810e-03
1.264078309759497643e-03
1.314324676059186459e-03
1.276815426535904408e-03
1.262561534531414509e-03
1.300582662224769592e-03
1.340101007372140884e-03
1.295353635214269161e-03
1.295949099585413933e-03
1.309029641561210155e-03
1.297590206377208233e-03
1.267446321435272694e-03
1.287475344724953175e-03
1.303159981034696102e-03
1.321609131991863251e-03
1.248785643838346004e-03
1.250222441740334034e-03
1.238185912370681763e-03
1.236147829331457615e-03
1.252119545824825764e-03
1.238604192622005939e-03
1.237989636138081551e-03
1.242303987964987755e-03
1.240058685652911663e-03
1.255129929631948471e-03
1.240991055965423584e-03
1.331614446826279163e-03
1.377140521071851254e-03
1.305676996707916260e-03
1.291814143769443035e-03
1.277822535485029221e-03
1.253069494850933552e-03
1.253273803740739822e-03
1.237746910192072392e-03
1.250197878107428551e-03
1.256112358532845974e-03
1.237358781509101391e-03
1.231221249327063560e-03
1.223238767124712467e-03
1.241681515239179134e-03
1.224034815095365047e-03
1.239246106706559658e-03
1.243283622898161411e-03
1.285325270146131516e-03
1.315044704824686050e-03
1.261937315575778484e-03
1.269664382562041283e-03
1.248710788786411285e-03
1.295659691095352173e-03
1.239870907738804817e-03
1.279555610381066799e-03
1.260635908693075180e-03
1.260368619114160538e-03
1.231865491718053818e-03
1.222373335622251034e-03
1.226570922881364822e-03
1.221867278218269348e-03
1.222436549142003059e-03
1.261090044863522053e-03
1.228798995725810528e-03
1.319689210504293442e-03
1.258075586520135403e-03
1.282934215851128101e-03
1.255852635949850082e-03
1.233127899467945099e-03
1.241139951162040234e-03
1.231290982104837894e-03
1.229958259500563145e-03
1.250376575626432896e-03
1.232372480444610119e-03
1.230055000633001328e-03
1.206550630740821362e-03
1.227000146172940731e-03
1.259196433238685131e-03
