4.729351028800010681e-02
1.737394183874130249e-02
2.711495384573936462e-03
2.200119895860552788e-03
1.368311815895140171e-03
5.365476827137172222e-04
5.047762533649802208e-04
5.481624975800514221e-04
4.333710821811109781e-04
3.874414542224258184e-04
4.083907697349786758e-04
3.852458903566002846e-04
3.579576441552489996e-04
3.566320519894361496e-04
3.486652567517012358e-04
3.378972469363361597e-04
3.337041416671127081e-04
3.288151056040078402e-04
3.227545821573585272e-04
3.183383087161928415e-04
3.139668551739305258e-04
3.093878331128507853e-04
3.054519183933734894e-04
3.019775613211095333e-04
2.985870523843914270e-04
2.954415685962885618e-04
2.923331921920180321e-04
2.893829951062798500e-04
2.867346629500389099e-04
2.840790257323533297e-04
2.819916699081659317e-04
2.794814936351031065e-04
2.772026928141713142e-04
2.753315202426165342e-04
2.734538866207003593e-04
2.715086448006331921e-04
2.698644530028104782e-04
2.681846090126782656e-04
2.666213549673557281e-04
2.652917464729398489e-04
2.638093428686261177e-04
2.624600601848214865e-04
2.614365948829799891e-04
2.599199360702186823e-04
2.588997303973883390e-04
2.580228901933878660e-04
2.568771305959671736e-04
2.558136766310781240e-04
2.547471085563302040e-04
2.536879328545182943e-04
2.528013719711452723e-04
2.518288092687726021e-04
2.510393969714641571e-04
2.499982365407049656e-04
2.491767227184027433e-04
2.485454315319657326e-04
2.476700756233185530e-04
2.469660248607397079e-04
2.462477714288979769e-04
2.454685745760798454e-04
2.447893202770501375e-04
2.442538680043071508e-04
2.435792266624048352e-04
2.428666775813326240e-04
2.423193800495937467e-04
2.417885698378086090e-04
2.413299371255561709e-04
2.407498541288077831e-04
2.402336831437423825e-04
2.394753973931074142e-04
2.391133893979713321e-04
2.386877313256263733e-04
2.379370416747406125e-04
2.373440220253542066e-04
2.366295811953023076e-04
2.360831858823075891e-04
2.355303731746971607e-04
2.347599365748465061e-04
2.340810606256127357e-04
2.331342402612790465e-04
2.325273235328495502e-04
2.317669568583369255e-04
2.307681861566379666e-04
2.301692729815840721e-04
2.292613062309101224e-04
2.286612725583836436e-04
2.278853062307462096e-04
2.269935357617214322e-04
2.260682522319257259e-04
2.254280698252841830e-04
2.247188676847144961e-04
2.238023444078862667e-04
2.230840036645531654e-04
2.225565403932705522e-04
2.219160815002396703e-04
2.213456318713724613e-04
2.207702491432428360e-04
2.200518501922488213e-04
2.194228145526722074e-04
2.191219100495800376e-04
2.184048062190413475e-04
2.179090370191261172e-04
2.172729000449180603e-04
2.168322680518031120e-04
2.162577147828415036e-04
2.158234565285965800e-04
2.153672248823568225e-04
2.147621562471613288e-04
2.143121528206393123e-04
2.140630240319296718e-04
2.132672379957512021e-04
2.128365449607372284e-04
2.126765321008861065e-04
2.120330464094877243e-04
2.114935341523960233e-04
2.111844223691150546e-04
2.105636667693033814e-04
2.100805140798911452e-04
2.097099350066855550e-04
2.091996138915419579e-04
2.089653426082804799e-04
2.084427978843450546e-04
2.082171413348987699e-04
2.076225355267524719e-04
2.072231582133099437e-04
2.068530884571373463e-04
2.064076979877427220e-04
2.061850391328334808e-04
2.056396770058199763e-04
2.053837524726986885e-04
2.054507640423253179e-04
2.046194422291591763e-04
2.043234853772446513e-04
2.039027895079925656e-04
2.036396181210875511e-04
2.032110933214426041e-04
2.028779563261196017e-04
2.026897418545559049e-04
2.020431711571291089e-04
2.018961968133226037e-04
2.016418147832155228e-04
2.011452306760475039e-04
2.006222930504009128e-04
2.001407119678333402e-04
2.001585235120728612e-04
1.995017373701557517e-04
1.994120539166033268e-04
1.991915050894021988e-04
1.994155318243429065e-04
1.981026289286091924e-04
1.984918053494766355e-04
1.975786872208118439e-04
1.978734071599319577e-04
1.973714824998751283e-04
1.963462564162909985e-04
1.964240072993561625e-04
1.956745254574343562e-04
1.957906060852110386e-04
1.949216384673491120e-04
1.951671583810821176e-04
1.942682574735954404e-04
1.938596251420676708e-04
1.935023319674655795e-04
1.933419698616489768e-04
1.933539315359666944e-04
1.923337258631363511e-04
1.921691000461578369e-04
1.917321933433413506e-04
1.914275344461202621e-04
1.908393460325896740e-04
1.908130361698567867e-04
1.900639763334766030e-04
1.900649658637121320e-04
1.899919734569266438e-04
1.898716291179880500e-04
1.889697741717100143e-04
1.886004611151292920e-04
1.882590149762108922e-04
1.880197814898565412e-04
1.877485919976606965e-04
1.882520155049860477e-04
1.874737645266577601e-04
1.869216794148087502e-04
1.870193518698215485e-04
1.860003685578703880e-04
1.864140358520671725e-04
1.859014882938936353e-04
1.855243463069200516e-04
1.854958682088181376e-04
1.855361042544245720e-04
1.845914957812055945e-04
1.841913763200864196e-04
1.844201033236458898e-04
1.840207987697795033e-04
1.834573486121371388e-04
1.836985029513016343e-04
1.834746799431741238e-04
1.826432417146861553e-04
1.828446256695315242e-04
1.819173921830952168e-04
1.819019671529531479e-04
1.819314347812905908e-04
1.810311368899419904e-04
1.816320000216364861e-04
1.813674316508695483e-04
1.805744686862453818e-04
1.805546198738738894e-04
1.799668680178001523e-04
1.796226715669035912e-04
1.800445752451196313e-04
1.793495757738128304e-04
1.789090019883587956e-04
1.786964276107028127e-04
1.783900224836543202e-04
1.784420310286805034e-04
1.781849423423409462e-04
1.780277380021288991e-04
1.774644479155540466e-04
1.771266252035275102e-04
1.772535761119797826e-04
1.765767810866236687e-04
1.765351626090705395e-04
1.759471924742683768e-04
1.760840532369911671e-04
1.757766149239614606e-04
1.757066929712891579e-04
1.754285767674446106e-04
1.749884831951931119e-04
1.748828653944656253e-04
1.745689660310745239e-04
1.749309449223801494e-04
1.738774008117616177e-04
1.742805325193330646e-04
1.743657048791646957e-04
1.747805363265797496e-04
1.732681848807260394e-04
1.738825958454981446e-04
1.730785006657242775e-04
1.726075861370190978e-04
1.730582007439807057e-04
1.720305299386382103e-04
1.720964792184531689e-04
1.717883860692381859e-04
1.716041006147861481e-04
1.713223755359649658e-04
1.713671954348683357e-04
1.709952048258855939e-04
1.708925556158646941e-04
1.710259093670174479e-04
1.711096119834110141e-04
1.701470027910545468e-04
1.710365322651341558e-04
1.703926827758550644e-04
1.699500280665233731e-04
1.696405088296160102e-04
1.696972176432609558e-04
1.693486847216263413e-04
1.694974635029211640e-04
1.692452933639287949e-04
1.691582583589479327e-04
1.688499032752588391e-04
1.691042998572811484e-04
1.689445198280736804e-04
1.688638440100476146e-04
1.687398907961323857e-04
1.684447488514706492e-04
1.687130861682817340e-04
1.682505680946633220e-04
1.685871393419802189e-04
1.686577015789225698e-04
1.681236317381262779e-04
1.678080152487382293e-04
1.680221612332388759e-04
1.679001579759642482e-04
1.673335209488868713e-04
1.675380626693367958e-04
1.671863283263519406e-04
1.671666832407936454e-04
1.674760860623791814e-04
1.671105710556730628e-04
1.667203177930787206e-04
1.668478798819705844e-04
1.671966310823336244e-04
1.680489367572590709e-04
1.677666587056592107e-04
1.666324242250993848e-04
1.672143116593360901e-04
1.666078460402786732e-04
1.679247361607849598e-04
1.675818202784284949e-04
1.669239718466997147e-04
1.664067385718226433e-04
1.657758402870967984e-04
1.659394911257550120e-04
1.654630614211782813e-04
1.655606174608692527e-04
1.651098718866705894e-04
1.659146364545449615e-04
1.649827318033203483e-04
1.649731566431000829e-04
1.658489782130345702e-04
1.652969367569312453e-04
1.650157500989735126e-04
1.653799990890547633e-04
1.644937437959015369e-04
1.650674530537799001e-04
1.643032737774774432e-04
1.644679578021168709e-04
1.646022865315899253e-04
1.644846488488838077e-04
1.640133559703826904e-04
1.638603280298411846e-04
1.641930284677073359e-04
1.637337991269305348e-04
1.641729468246921897e-04
1.641680282773450017e-04
1.636375673115253448e-04
1.637812238186597824e-04
1.636366796446964145e-04
1.633195788599550724e-04
1.634262589504942298e-04
1.633088832022622228e-04
1.632933126529678702e-04
1.633088249946013093e-04
1.631146733416244388e-04
1.636813831282779574e-04
1.631053601158782840e-04
1.636141532799229026e-04
1.627926976652815938e-04
1.630881597520783544e-04
1.628732279641553760e-04
1.625740260351449251e-04
1.634707587072625756e-04
1.633750071050599217e-04
1.627314486540853977e-04
1.651784550631418824e-04
1.629485777812078595e-04
1.630644692340865731e-04
1.625855366000905633e-04
1.637008244870230556e-04
1.666862081037834287e-04
1.658008404774591327e-04
1.665758172748610377e-04
1.642157876631245017e-04
1.633122010389342904e-04
1.638287358218804002e-04
1.632455823710188270e-04
1.620752009330317378e-04
1.629950711503624916e-04
1.636052620597183704e-04
1.621279079699888825e-04
1.620547845959663391e-04
1.615642395336180925e-04
1.617666421225294471e-04
1.621963310753926635e-04
1.612006890354678035e-04
1.616101508261635900e-04
1.621064002392813563e-04
1.615076471352949739e-04
1.615760702406987548e-04
1.613481872482225299e-04
1.612521446077153087e-04
1.611956831766292453e-04
1.614583161426708102e-04
1.616232329979538918e-04
1.613927306607365608e-04
1.611139159649610519e-04
1.611254410818219185e-04
1.629117177799344063e-04
1.617810921743512154e-04
1.607513549970462918e-04
1.627472811378538609e-04
1.608031889190897346e-04
1.607469748705625534e-04
1.610655308468267322e-04
1.606386795174330473e-04
1.606296136742457747e-04
1.605744619155302644e-04
1.602709380676969886e-04
1.603704586159437895e-04
1.604093849891796708e-04
1.603126293048262596e-04
1.602872362127527595e-04
1.606707810424268246e-04
1.606225414434447885e-04
1.599217503098770976e-04
1.607436424819752574e-04
1.607796730240806937e-04
1.602136471774429083e-04
1.600690447958186269e-04
1.597984373802319169e-04
1.599736715434119105e-04
1.606741861905902624e-04
1.598849194124341011e-04
1.601353287696838379e-04
1.599700481165200472e-04
1.596251240698620677e-04
1.599988463567569852e-04
1.595784997334703803e-04
1.595898211235180497e-04
1.594446948729455471e-04
1.593006163602694869e-04
1.593862689333036542e-04
1.606160221854224801e-04
1.602128322701901197e-04
1.591550681041553617e-04
1.596214569872245193e-04
1.599276292836293578e-04
1.598188246134668589e-04
1.596535876160487533e-04
1.592332846485078335e-04
1.594801724422723055e-04
1.594987552380189300e-04
1.600389223312959075e-04
1.594716741237789392e-04
1.609656756045296788e-04
1.600122050149366260e-04
1.585741702001541853e-04
1.592852495377883315e-04
1.593611959833651781e-04
1.595346402609720826e-04
1.585931895533576608e-04
1.588189916219562292e-04
1.589122257428243756e-04
1.585839054314419627e-04
1.589417515788227320e-04
1.585709396749734879e-04
1.586350990692153573e-04
1.587889128131791949e-04
1.601012190803885460e-04
1.600463729118928313e-04
1.588681334396824241e-04
1.581841643201187253e-04
1.583190896781161427e-04
1.582241529831662774e-04
1.585160061949864030e-04
1.583866396686062217e-04
1.579722447786480188e-04
1.582570403115823865e-04
1.585262798471376300e-04
1.586372818564996123e-04
1.581190008437260985e-04
1.582342811161652207e-04
1.581807737238705158e-04
1.580008101882413030e-04
1.578354131197556853e-04
1.582338736625388265e-04
1.577312359586358070e-04
1.578556111780926585e-04
1.580592797836288810e-04
1.586797152413055301e-04
1.588623417774215341e-04
1.585573190823197365e-04
1.583002594998106360e-04
1.574565249029546976e-04
1.577466755406931043e-04
1.578258816152811050e-04
1.575504284119233489e-04
1.584903948241844773e-04
1.581783872097730637e-04
1.580447278684005141e-04
1.582394324941560626e-04
1.582048862474039197e-04
1.581978431204333901e-04
1.574857305968180299e-04
1.583962730364874005e-04
1.592947955941781402e-04
1.594475616002455354e-04
1.586787839187309146e-04
1.579651579959318042e-04
1.584126584930345416e-04
1.597418013261631131e-04
1.594979694345965981e-04
1.602707634447142482e-04
1.589351595612242818e-04
1.577076182002201676e-04
1.576295908307656646e-04
1.573538465891033411e-04
1.574836642248556018e-04
1.573876943439245224e-04
1.573110930621623993e-04
1.578589435666799545e-04
1.574722700752317905e-04
1.582076074555516243e-04
1.580028474563732743e-04
1.574501511640846729e-04
1.573814224684610963e-04
1.574680354679003358e-04
1.570050517329946160e-04
1.573634217493236065e-04
1.575563946971669793e-04
1.571263273945078254e-04
1.573800691403448582e-04
1.569947198731824756e-04
1.574271154822781682e-04
1.569665182614699006e-04
1.569227169966325164e-04
1.569250598549842834e-04
1.569358137203380466e-04
1.565601269248872995e-04
1.570254680700600147e-04
1.570972817717120051e-04
1.568635925650596619e-04
1.568385487189516425e-04
1.567879662616178393e-04
1.570225431350991130e-04
1.568294828757643700e-04
1.567454455653205514e-04
1.569038140587508678e-04
1.568039588164538145e-04
1.567364088259637356e-04
1.567703293403610587e-04
1.570105669088661671e-04
1.573739136802032590e-04
1.565342972753569484e-04
1.567321160109713674e-04
1.563893601996824145e-04
1.570046151755377650e-04
1.568108127685263753e-04
1.574229827383533120e-04
1.564032718306407332e-04
1.572135952301323414e-04
1.568831357872113585e-04
1.566918363096192479e-04
1.570646418258547783e-04
1.568248990224674344e-04
1.569965825183317065e-04
1.572081091580912471e-04
1.571008906466886401e-04
1.563374680699780583e-04
1.564819685881957412e-04
1.565052807563915849e-04
1.564795529702678323e-04
1.572065666550770402e-04
1.563456607982516289e-04
1.569811574881896377e-04
1.568749139551073313e-04
1.570367167005315423e-04
1.568981097079813480e-04
1.567190192872658372e-04
1.572649780428037047e-04
1.559586380608379841e-04
1.563025289215147495e-04
1.576252398081123829e-04
1.562559773446992040e-04
1.564606209285557270e-04
1.563453843118622899e-04
1.571017201058566570e-04
1.559992524562403560e-04
1.563581317896023393e-04
1.564475678605958819e-04
1.564010744914412498e-04
1.558390067657455802e-04
1.569367741467431188e-04
1.560902019264176488e-04
1.567969302413985133e-04
1.570683234604075551e-04
1.557048672111704946e-04
1.559708907734602690e-04
1.559177035233005881e-04
1.557740179123356938e-04
1.560251112096011639e-04
1.583266275702044368e-04
1.564708509249612689e-04
1.561221579322591424e-04
1.570214371895417571e-04
1.563070254633203149e-04
1.570167951285839081e-04
1.558613439556211233e-04
1.559778174851089716e-04
1.556391944177448750e-04
1.560456730658188462e-04
1.565258862683549523e-04
1.565753045724704862e-04
1.563685218570753932e-04
1.566920691402629018e-04
1.565117127029225230e-04
1.560425153002142906e-04
1.565123966429382563e-04
1.557449140818789601e-04
1.563212863402441144e-04
1.565471611684188247e-04
1.567751314723864198e-04
1.558992807986214757e-04
1.562415127409622073e-04
1.556885690661147237e-04
1.561023673275485635e-04
1.582234399393200874e-04
1.599191746208816767e-04
1.587437436683103442e-04
1.575810165377333760e-04
1.564371050335466862e-04
1.575448550283908844e-04
1.614127977518364787e-04
1.585808640811592340e-04
1.568591396789997816e-04
1.565565326018258929e-04
1.559578959131613374e-04
1.562493707751855254e-04
1.575402711750939488e-04
1.588515733601525426e-04
1.603362616151571274e-04
1.559745433041825891e-04
1.552109461044892669e-04
1.582770637469366193e-04
1.594840578036382794e-04
1.601932890480384231e-04
1.577781658852472901e-04
1.558708609081804752e-04
1.564778067404404283e-04
1.577221846673637629e-04
1.596798974787816405e-04
1.614653301658108830e-04
1.566220162203535438e-04
1.564290287205949426e-04
1.559027004987001419e-04
1.555644412292167544e-04
1.570047315908595920e-04
1.598427625140175223e-04
1.565568818477913737e-04
1.562697143526747823e-04
1.569839078001677990e-04
1.558789081173017621e-04
1.553659531055018306e-04
1.550764282001182437e-04
1.551412133267149329e-04
1.553870388306677341e-04
1.577379734953865409e-04
1.554080954520031810e-04
1.549007720313966274e-04
1.559762749820947647e-04
1.567030412843450904e-04
1.571374596096575260e-04
1.581118121976032853e-04
1.583741832291707397e-04
1.589829917065799236e-04
1.561627432238310575e-04
1.554478658363223076e-04
1.555647468194365501e-04
1.573154877405613661e-04
1.570610329508781433e-04
1.567574363434687257e-04
1.565758575452491641e-04
1.587698789080604911e-04
1.575254573253914714e-04
1.593691995367407799e-04
1.586127473274245858e-04
1.586064900038763881e-04
1.623398857191205025e-04
1.611802290426567197e-04
1.588850282132625580e-04
1.539207150926813483e-04
1.599960960447788239e-04
1.588294253451749682e-04
1.587973238201811910e-04
1.582374243298545480e-04
1.581383403390645981e-04
1.571694883750751615e-04
1.563966507092118263e-04
1.544015831314027309e-04
1.546821586089208722e-04
1.556308270664885640e-04
1.544534025015309453e-04
1.543324906378984451e-04
1.540293451398611069e-04
1.539708173368126154e-04
1.543077523820102215e-04
1.535171031719073653e-04
1.541811507195234299e-04
1.536668714834377170e-04
1.540246885269880295e-04
1.540096709504723549e-04
1.542085228720679879e-04
1.535533374408259988e-04
1.570509193697944283e-04
1.543256657896563411e-04
1.536211930215358734e-04
1.537674252176657319e-04
1.540143130114302039e-04
1.561537064844742417e-04
1.562176184961572289e-04
1.544404804008081555e-04
1.575418136781081557e-04
1.571410684846341610e-04
1.584376586833968759e-04
1.556475035613402724e-04
1.576828653924167156e-04
1.536667259642854333e-04
1.540453667985275388e-04
1.540426164865493774e-04
1.540774683235213161e-04
1.537751959403976798e-04
1.564239064464345574e-04
1.573062472743913531e-04
1.577807561261579394e-04
1.528211869299411774e-04
1.563004188938066363e-04
1.535435440018773079e-04
1.552676694700494409e-04
1.567130675539374352e-04
1.527711719973012805e-04
1.541114179417490959e-04
1.553851325297728181e-04
1.543517428217455745e-04
1.535814371891319752e-04
1.535062183393165469e-04
1.532811002107337117e-04
1.538859942229464650e-04
1.536091876914724708e-04
1.534551411168649793e-04
1.533794711576774716e-04
1.538931828690692782e-04
1.531319430796429515e-04
1.542952813906595111e-04
1.543725811643525958e-04
1.569221931276842952e-04
1.593100605532526970e-04
1.603974233148619533e-04
1.560068340040743351e-04
1.530311419628560543e-04
1.527459098724648356e-04
1.537422504043206573e-04
1.528886059531942010e-04
1.543296530144289136e-04
1.564381818752735853e-04
1.544783153804019094e-04
1.556919305585324764e-04
1.559887168696150184e-04
1.545555569464340806e-04
1.569408777868375182e-04
1.532134920125827193e-04
1.543515390949323773e-04
1.551374734845012426e-04
1.549342996440827847e-04
1.527828426333144307e-04
1.524122926639392972e-04
1.526998385088518262e-04
1.531728921690955758e-04
1.529267319710925221e-04
1.525022526038810611e-04
1.530884328531101346e-04
1.527149142930284142e-04
1.541801175335422158e-04
1.518446515547111630e-04
1.523077953606843948e-04
1.543614052934572101e-04
1.532901806058362126e-04
1.517389173386618495e-04
1.522123930044472218e-04
1.549263979541137815e-04
1.515275362180545926e-04
1.516011107014492154e-04
1.515079056844115257e-04
1.524918916402384639e-04
1.523495739093050361e-04
1.519291981821879745e-04
1.526704872958362103e-04
1.526735723018646240e-04
1.532422320451587439e-04
1.521374942967668176e-04
1.512853777967393398e-04
1.517219643574208021e-04
1.512084854766726494e-04
1.516285847174003720e-04
1.511184818809852004e-04
1.520251826150342822e-04
1.526581327198073268e-04
1.510570145910605788e-04
1.521420635981485248e-04
1.513480819994583726e-04
1.523927057860419154e-04
1.517149357823655009e-04
1.511899172328412533e-04
1.521339436294510961e-04
1.551875611767172813e-04
1.529939763713628054e-04
1.540335797471925616e-04
1.522698003100231290e-04
1.528031280031427741e-04
1.531146990600973368e-04
1.527806743979454041e-04
1.527557324152439833e-04
1.524164545116946101e-04
1.526905252831056714e-04
1.538814540253952146e-04
1.506669359514489770e-04
1.542753016110509634e-04
1.517415948910638690e-04
1.529910805402323604e-04
1.524082181276753545e-04
1.541618403280153871e-04
1.528476277599111199e-04
1.541916426504030824e-04
1.570690656080842018e-04
1.582396944286301732e-04
1.521288213552907109e-04
1.515121693955734372e-04
1.517267955932766199e-04
1.515210897196084261e-04
1.530119479866698384e-04
1.504703832324594259e-04
1.509478461230173707e-04
1.517597556812688708e-04
1.512580347480252385e-04
1.501883962191641331e-04
1.509839639766141772e-04
1.501902006566524506e-04
1.501567312516272068e-04
1.522604579804465175e-04
1.529370638309046626e-04
1.523762330180034041e-04
1.561534591019153595e-04
1.519353099865838885e-04
1.512947055744007230e-04
1.505699910921975970e-04
1.495976030128076673e-04
1.514314208179712296e-04
1.494127209298312664e-04
1.502538798376917839e-04
1.505449326941743493e-04
1.532877213321626186e-04
1.538024516776204109e-04
1.531967427581548691e-04
1.598542294232174754e-04
1.516783813713118434e-04
1.498318597441539168e-04
1.495445467298850417e-04
1.515624899184331298e-04
1.529017608845606446e-04
1.522826933069154620e-04
1.500472426414489746e-04
1.489469577791169286e-04
1.522928214399144053e-04
1.558189396746456623e-04
1.554419432068243623e-04
1.532601309008896351e-04
1.518633944215252995e-04
1.506191183580085635e-04
1.495204633101820946e-04
1.500623911852017045e-04
1.525071565993130207e-04
1.493853778811171651e-04
1.523157989140599966e-04
1.505233376519754529e-04
1.515888288849964738e-04
1.510672591393813491e-04
1.498812780482694507e-04
1.505171676399186254e-04
1.507758715888485312e-04
1.509779103798791766e-04
1.528254651930183172e-04
1.543898688396438956e-04
1.540304801892489195e-04
1.504123210906982422e-04
1.515713520348072052e-04
1.507939450675621629e-04
1.490575523348525167e-04
1.527366257505491376e-04
1.565641869092360139e-04
1.685392198851332068e-04
1.545536943012848496e-04
1.595767826074734330e-04
1.564693666296079755e-04
1.547310530440881848e-04
1.516137999715283513e-04
1.491403672844171524e-04
1.502374507253989577e-04
1.518294593552127481e-04
1.517435739515349269e-04
1.485801039962098002e-04
1.512649614596739411e-04
1.528597204014658928e-04
1.526680571259930730e-04
1.503296080045402050e-04
1.494514435762539506e-04
1.496880577178671956e-04
1.500578218838199973e-04
1.499018399044871330e-04
1.524428371340036392e-04
1.499930076533928514e-04
1.542071404401212931e-04
1.506285334471613169e-04
1.521152444183826447e-04
1.500671205576509237e-04
1.498185883974656463e-04
1.510701840743422508e-04
1.492231240263208747e-04
1.489010173827409744e-04
1.487172703491523862e-04
1.496135810157284141e-04
1.496077020419761539e-04
1.495124452048912644e-04
1.497179473517462611e-04
1.508105633547529578e-04
1.541169331176206470e-04
1.519868237664923072e-04
1.512590242782607675e-04
1.503393577877432108e-04
1.490808062953874469e-04
1.494505995651707053e-04
1.490635186200961471e-04
1.544331316836178303e-04
1.612383930478245020e-04
1.686439936747774482e-04
1.589176245033740997e-04
1.614644279470667243e-04
1.550288725411519408e-04
1.553401089040562510e-04
1.541144592920318246e-04
1.540806842967867851e-04
1.516760676167905331e-04
1.563711557537317276e-04
1.566700375406071544e-04
1.530518493382260203e-04
1.553582696942612529e-04
1.516282500233501196e-04
1.553649635752663016e-04
1.519994548289105296e-04
1.526956475572660565e-04
1.516530319349840283e-04
1.487732079112902284e-04
1.488874404458329082e-04
1.577331422595307231e-04
1.506775006419047713e-04
1.496402983320876956e-04
1.500489743193611503e-04
1.492525479989126325e-04
1.478897174820303917e-04
1.503883540863171220e-04
1.548121363157406449e-04
1.532441092422232032e-04
1.546267012599855661e-04
1.503969979239627719e-04
1.546718121971935034e-04
1.565385173307731748e-04
1.574877678649500012e-04
1.512169692432507873e-04
1.537699572509154677e-04
1.495890755904838443e-04
1.506434491602703929e-04
1.520397490821778774e-04
1.509995345259085298e-04
1.549587614135816693e-04
1.506046683061867952e-04
1.498759957030415535e-04
1.494446332799270749e-04
1.482619118178263307e-04
1.533649774501100183e-04
1.505330292275175452e-04
1.549633889226242900e-04
1.519386860309168696e-04
1.603499258635565639e-04
1.570303138578310609e-04
1.703646703390404582e-04
1.600630203029140830e-04
1.527573476778343320e-04
1.559999509481713176e-04
1.500973157817497849e-04
1.517268829047679901e-04
1.502932282164692879e-04
1.493755553383380175e-04
1.515706389909610152e-04
1.552609464852139354e-04
1.579721138114109635e-04
1.469802227802574635e-04
1.476205216022208333e-04
1.508725836174562573e-04
1.515530602773651481e-04
1.464814995415508747e-04
1.488480920670554042e-04
1.487201370764523745e-04
1.526802661828696728e-04
1.492118462920188904e-04
1.591592590557411313e-04
1.633306528674438596e-04
1.536785712232813239e-04
1.527319109300151467e-04
1.538710057502612472e-04
1.507240813225507736e-04
1.484462409280240536e-04
1.525203551864251494e-04
1.491423172410577536e-04
1.474979217164218426e-04
1.489513815613463521e-04
1.483627129346132278e-04
1.480881473980844021e-04
1.512761664343997836e-04
1.493248128099367023e-04
1.470164424972608685e-04
1.526035484857857227e-04
1.486675173509865999e-04
1.557728101033717394e-04
1.501413644291460514e-04
1.483133819419890642e-04
1.466360263293609023e-04
1.475452445447444916e-04
1.486326073063537478e-04
1.468101836508139968e-04
1.484649546910077333e-04
1.485855173086747527e-04
