4.212425053119659424e-01
1.337718516588211060e-01
1.137666925787925720e-01
6.742022186517715454e-02
7.831690460443496704e-02
5.996245145797729492e-02
6.169639900326728821e-02
5.676100775599479675e-02
5.375438928604125977e-02
5.211145803332328796e-02
4.841782525181770325e-02
4.792268946766853333e-02
4.590374231338500977e-02
4.454560577869415283e-02
4.301746562123298645e-02
4.148909822106361389e-02
4.044066369533538818e-02
3.958077728748321533e-02
3.874821960926055908e-02
3.785408660769462585e-02
3.743617609143257141e-02
3.704650327563285828e-02
3.640868887305259705e-02
3.571932390332221985e-02
3.525305911898612976e-02
3.460713848471641541e-02
3.424664214253425598e-02
3.385329619050025940e-02
3.331954404711723328e-02
3.320446982979774475e-02
3.292524814605712891e-02
3.315459564328193665e-02
3.295977041125297546e-02
3.190527483820915222e-02
3.178464993834495544e-02
3.190617635846138000e-02
3.094914741814136505e-02
3.080183453857898712e-02
3.034372441470623016e-02
3.049949556589126587e-02
3.049475513398647308e-02
3.005415201187133789e-02
2.877952344715595245e-02
3.077545203268527985e-02
3.445568308234214783e-02
3.127394244074821472e-02
3.232247009873390198e-02
2.873021923005580902e-02
2.776574157178401947e-02
2.663891762495040894e-02
2.636464685201644897e-02
2.753327041864395142e-02
2.660094201564788818e-02
2.571589685976505280e-02
2.510289661586284637e-02
2.479695715010166168e-02
2.407640963792800903e-02
2.399906702339649200e-02
2.346542663872241974e-02
2.311378158628940582e-02
2.284546010196208954e-02
2.317952550947666168e-02
2.285022847354412079e-02
2.296640910208225250e-02
2.311857603490352631e-02
2.337710745632648468e-02
2.680122293531894684e-02
2.709437347948551178e-02
2.534860186278820038e-02
2.392826974391937256e-02
2.268459461629390717e-02
2.236293815076351166e-02
2.195648662745952606e-02
2.112623862922191620e-02
2.091690339148044586e-02
2.159338630735874176e-02
2.139013819396495819e-02
2.108410745859146118e-02
2.202497236430644989e-02
2.108332701027393341e-02
2.058342471718788147e-02
2.016955427825450897e-02
2.039209753274917603e-02
2.035087905824184418e-02
1.974599622189998627e-02
1.974257826805114746e-02
2.008087746798992157e-02
1.985175721347332001e-02
2.065940946340560913e-02
2.084193192422389984e-02
2.175480313599109650e-02
2.179924212396144867e-02
2.143949270248413086e-02
2.034900523722171783e-02
1.944413222372531891e-02
1.956497319042682648e-02
2.030927687883377075e-02
1.948723196983337402e-02
2.015082351863384247e-02
2.109532617032527924e-02
2.125136740505695343e-02
1.949091814458370209e-02
1.980858109891414642e-02
1.946172304451465607e-02
1.949034258723258972e-02
1.928836293518543243e-02
1.923143863677978516e-02
1.901402883231639862e-02
1.923502050340175629e-02
1.886404305696487427e-02
1.969836838543415070e-02
1.958730258047580719e-02
1.891918852925300598e-02
1.899617351591587067e-02
1.907655596733093262e-02
1.905466429889202118e-02
1.887094601988792419e-02
1.833775453269481659e-02
1.853399537503719330e-02
1.871726475656032562e-02
1.834722608327865601e-02
1.868277415633201599e-02
1.907305605709552765e-02
1.910904794931411743e-02
1.992421969771385193e-02
1.986030302941799164e-02
2.000312879681587219e-02
2.119814790785312653e-02
1.972796581685543060e-02
1.876252703368663788e-02
1.850866898894309998e-02
1.832939870655536652e-02
1.831141486763954163e-02
1.826945319771766663e-02
1.791214197874069214e-02
1.817894913256168365e-02
1.813872903585433960e-02
1.813777722418308258e-02
1.823975890874862671e-02
1.843805052340030670e-02
1.930089853703975677e-02
1.906224526464939117e-02
1.884861290454864502e-02
1.800816506147384644e-02
1.766622439026832581e-02
1.810593344271183014e-02
1.798328943550586700e-02
1.867929473519325256e-02
1.988109387457370758e-02
1.826894469559192657e-02
1.787588186562061310e-02
1.817848160862922668e-02
1.851136982440948486e-02
1.983932591974735260e-02
1.990940421819686890e-02
1.904699206352233887e-02
1.870080828666687012e-02
1.786593534052371979e-02
1.851114444434642792e-02
1.845944672822952271e-02
1.997460983693599701e-02
1.806519739329814911e-02
1.799830980598926544e-02
1.807857491075992584e-02
1.878856308758258820e-02
1.819515042006969452e-02
1.889829151332378387e-02
1.750421337783336639e-02
1.776214875280857086e-02
1.756243593990802765e-02
1.749509386718273163e-02
1.809908635914325714e-02
1.813022978603839874e-02
1.770290546119213104e-02
1.763274334371089935e-02
1.761175878345966339e-02
1.831300370395183563e-02
1.922548003494739532e-02
1.797592081129550934e-02
1.763272099196910858e-02
1.738703437149524689e-02
1.751474849879741669e-02
1.815181784331798553e-02
1.727898977696895599e-02
1.778785139322280884e-02
1.867551915347576141e-02
1.924976520240306854e-02
1.771228946745395660e-02
1.739635877311229706e-02
1.759642921388149261e-02
1.734805107116699219e-02
1.896987296640872955e-02
1.857955567538738251e-02
2.118707261979579926e-02
2.406878210604190826e-02
2.488862536847591400e-02
2.333390153944492340e-02
2.035827189683914185e-02
1.979272998869419098e-02
1.861975528299808502e-02
1.837418228387832642e-02
1.756408996880054474e-02
1.803377270698547363e-02
1.774094440042972565e-02
1.776962913572788239e-02
1.769668050110340118e-02
1.887811534106731415e-02
1.815129071474075317e-02
1.860873587429523468e-02
1.779508776962757111e-02
1.782748289406299591e-02
1.791854947805404663e-02
1.741336658596992493e-02
1.727368123829364777e-02
1.705746166408061981e-02
1.734236627817153931e-02
1.891617663204669952e-02
1.714242808520793915e-02
1.739383302628993988e-02
1.699507981538772583e-02
1.814554631710052490e-02
1.759354583919048309e-02
1.737119816243648529e-02
1.682788692414760590e-02
1.695049367845058441e-02
1.752355881035327911e-02
1.716832257807254791e-02
1.735255867242813110e-02
1.829526387155056000e-02
1.998452842235565186e-02
2.359033934772014618e-02
2.060040272772312164e-02
1.993969641625881195e-02
2.062752656638622284e-02
2.073914743959903717e-02
1.906322129070758820e-02
1.872542686760425568e-02
1.775153912603855133e-02
1.750690117478370667e-02
1.726738922297954559e-02
1.701513491570949554e-02
1.725840568542480469e-02
1.700324751436710358e-02
1.669422350823879242e-02
1.692017912864685059e-02
1.706597767770290375e-02
1.757576502859592438e-02
1.732983812689781189e-02
1.745460927486419678e-02
1.671162806451320648e-02
1.714119128882884979e-02
1.752007752656936646e-02
1.766655407845973969e-02
1.846682466566562653e-02
1.845664717257022858e-02
1.909762434661388397e-02
1.848970539867877960e-02
1.779102347791194916e-02
1.784900762140750885e-02
1.806426234543323517e-02
1.710657216608524323e-02
1.693580858409404755e-02
1.676464267075061798e-02
1.656985655426979065e-02
1.710546948015689850e-02
1.716791838407516479e-02
1.705692894756793976e-02
1.670138724148273468e-02
1.665217243134975433e-02
1.682570390403270721e-02
1.649901084601879120e-02
1.635625958442687988e-02
1.639483310282230377e-02
1.636576093733310699e-02
1.653812453150749207e-02
1.686252653598785400e-02
1.835006475448608398e-02
1.764033548533916473e-02
1.789695769548416138e-02
1.724362932145595551e-02
1.779032498598098755e-02
1.721468754112720490e-02
1.683596521615982056e-02
1.707281731069087982e-02
1.732331700623035431e-02
1.783387921750545502e-02
1.720404997467994690e-02
1.736458577215671539e-02
1.756804250180721283e-02
1.835105381906032562e-02
1.879303902387619019e-02
1.947610266506671906e-02
1.762634888291358948e-02
1.665666513144969940e-02
1.667610183358192444e-02
1.684941910207271576e-02
1.667145825922489166e-02
1.643919385969638824e-02
1.669392921030521393e-02
1.654756814241409302e-02
1.647480949759483337e-02
1.646249182522296906e-02
1.665573939681053162e-02
1.668984256684780121e-02
1.735583506524562836e-02
1.738269627094268799e-02
1.787682063877582550e-02
1.744248531758785248e-02
1.659209094941616058e-02
1.674156449735164642e-02
1.675618812441825867e-02
1.703401841223239899e-02
1.707159169018268585e-02
1.765864901244640350e-02
1.697587035596370697e-02
1.679112575948238373e-02
1.677459664642810822e-02
1.658590137958526611e-02
1.664520613849163055e-02
1.691321656107902527e-02
1.642541587352752686e-02
1.697538606822490692e-02
1.763731427490711212e-02
1.755858771502971649e-02
1.742020994424819946e-02
1.862332411110401154e-02
1.768392324447631836e-02
1.749088056385517120e-02
1.676514744758605957e-02
1.716395281255245209e-02
1.748556457459926605e-02
1.652324013411998749e-02
1.783771254122257233e-02
1.724845729768276215e-02
1.779178343713283539e-02
1.677958108484745026e-02
1.757938414812088013e-02
1.675321161746978760e-02
1.636302657425403595e-02
1.624309457838535309e-02
1.637404970824718475e-02
1.620429754257202148e-02
1.639001630246639252e-02
1.739544048905372620e-02
1.910833455622196198e-02
1.840001344680786133e-02
1.714400015771389008e-02
1.671154983341693878e-02
1.674388162791728973e-02
1.634369604289531708e-02
1.670341379940509796e-02
1.637692563235759735e-02
1.649735867977142334e-02
1.617272943258285522e-02
1.619116775691509247e-02
1.616680063307285309e-02
1.687908358871936798e-02
1.681532710790634155e-02
1.674795337021350861e-02
1.778332144021987915e-02
1.710478402674198151e-02
1.733927242457866669e-02
1.822617463767528534e-02
1.778653077781200409e-02
1.640494726598262787e-02
1.638390496373176575e-02
1.621332764625549316e-02
1.681616343557834625e-02
1.765731535851955414e-02
1.653704978525638580e-02
1.682566665112972260e-02
1.650617830455303192e-02
1.616492867469787598e-02
1.588610745966434479e-02
1.620892621576786041e-02
1.641142554581165314e-02
1.696780323982238770e-02
1.718340255320072174e-02
1.773743890225887299e-02
1.808972842991352081e-02
1.718351803719997406e-02
1.644801348447799683e-02
1.634598523378372192e-02
1.731824502348899841e-02
1.675531826913356781e-02
1.619532890617847443e-02
1.647185534238815308e-02
1.634317822754383087e-02
1.721503026783466339e-02
1.757705956697463989e-02
1.797175407409667969e-02
1.727662235498428345e-02
1.971239596605300903e-02
2.000146917998790741e-02
1.981383003294467926e-02
1.972706057131290436e-02
2.017810195684432983e-02
1.941588521003723145e-02
2.001251839101314545e-02
2.174384333193302155e-02
2.003031410276889801e-02
1.863224245607852936e-02
1.763577014207839966e-02
1.691559515893459320e-02
1.690745539963245392e-02
1.753264851868152618e-02
1.725037768483161926e-02
1.676583103835582733e-02
1.731147803366184235e-02
1.757553592324256897e-02
1.809367164969444275e-02
1.691132597625255585e-02
1.703110150992870331e-02
1.695101708173751831e-02
1.692876219749450684e-02
1.733718998730182648e-02
1.678689010441303253e-02
1.653164066374301910e-02
1.722938381135463715e-02
1.635906845331192017e-02
1.619170047342777252e-02
1.644732058048248291e-02
1.625005342066287994e-02
1.607036404311656952e-02
1.591763459146022797e-02
1.588534004986286163e-02
1.587051898241043091e-02
1.583205722272396088e-02
1.565747521817684174e-02
1.591282524168491364e-02
1.618328131735324860e-02
1.661777310073375702e-02
1.620727963745594025e-02
1.591676659882068634e-02
1.583632640540599823e-02
1.662985049188137054e-02
1.621217094361782074e-02
1.655835472047328949e-02
1.586574316024780273e-02
1.557768229395151138e-02
1.631661318242549896e-02
1.620547659695148468e-02
1.659674011170864105e-02
1.607944816350936890e-02
1.656044088304042816e-02
1.651899516582489014e-02
1.703743077814579010e-02
1.682323031127452850e-02
1.609995216131210327e-02
1.631963998079299927e-02
1.631136983633041382e-02
1.676588691771030426e-02
1.670351438224315643e-02
1.746592484414577484e-02
1.859188638627529144e-02
1.965962164103984833e-02
1.755304820835590363e-02
1.743545196950435638e-02
1.730351336300373077e-02
1.658296771347522736e-02
1.635263301432132721e-02
1.591679453849792480e-02
1.633707061409950256e-02
1.609688624739646912e-02
1.583960652351379395e-02
1.619881577789783478e-02
1.635204441845417023e-02
1.635304279625415802e-02
1.732869818806648254e-02
1.838959380984306335e-02
1.793718151748180389e-02
1.746538467705249786e-02
1.685096509754657745e-02
1.638773828744888306e-02
1.577409356832504272e-02
1.586833782494068146e-02
1.593316532671451569e-02
1.596860028803348541e-02
1.648124307394027710e-02
1.599978096783161163e-02
1.590897701680660248e-02
1.591037400066852570e-02
1.578230410814285278e-02
1.573347114026546478e-02
1.623350381851196289e-02
1.660909317433834076e-02
1.627813465893268585e-02
1.594971865415573120e-02
1.637262664735317230e-02
1.608404330909252167e-02
1.566708274185657501e-02
1.575787365436553955e-02
1.578972488641738892e-02
1.583207398653030396e-02
1.557212043553590775e-02
1.629717834293842316e-02
1.568602584302425385e-02
1.540397480130195618e-02
1.569872908294200897e-02
1.550112757831811905e-02
1.582181267440319061e-02
1.645114086568355560e-02
1.703312620520591736e-02
1.656280644237995148e-02
1.605282723903656006e-02
1.602538488805294037e-02
1.574457995593547821e-02
1.601794362068176270e-02
1.600402779877185822e-02
1.596994698047637939e-02
1.631488092243671417e-02
1.620612107217311859e-02
1.567010395228862762e-02
1.653455011546611786e-02
1.776023954153060913e-02
1.824539899826049805e-02
1.870152913033962250e-02
1.795183867216110229e-02
1.638375036418437958e-02
1.643528230488300323e-02
1.735462062060832977e-02
1.703554391860961914e-02
1.656371168792247772e-02
1.677596755325794220e-02
1.636341959238052368e-02
1.606949418783187866e-02
1.594532281160354614e-02
1.607672870159149170e-02
1.594585739076137543e-02
1.560164522379636765e-02
1.606072299182415009e-02
1.535982638597488403e-02
1.540255546569824219e-02
1.607891730964183807e-02
1.670075394213199615e-02
1.658915169537067413e-02
1.691237837076187134e-02
1.646375469863414764e-02
1.695911586284637451e-02
1.622327230870723724e-02
1.601861231029033661e-02
1.589122787117958069e-02
1.586308144032955170e-02
1.578801870346069336e-02
1.574253290891647339e-02
1.618931442499160767e-02
1.622589863836765289e-02
1.674092561006546021e-02
1.598963886499404907e-02
1.568690128624439240e-02
1.538553927093744278e-02
1.602970063686370850e-02
1.619080640375614166e-02
1.606330648064613342e-02
1.551605015993118286e-02
1.576358079910278320e-02
1.546712964773178101e-02
1.576240547001361847e-02
1.566422544419765472e-02
1.550288405269384384e-02
1.547579932957887650e-02
1.533805578947067261e-02
1.557337492704391479e-02
1.559856906533241272e-02
1.547950133681297302e-02
1.630508527159690857e-02
1.576217822730541229e-02
1.591598987579345703e-02
1.607570983469486237e-02
1.678404211997985840e-02
1.613526791334152222e-02
1.630749367177486420e-02
1.622973382472991943e-02
1.628680899739265442e-02
1.565995998680591583e-02
1.660344935953617096e-02
1.654154062271118164e-02
1.641154475510120392e-02
1.559575926512479782e-02
1.588416285812854767e-02
1.559810806065797806e-02
1.559332478791475296e-02
1.544631272554397583e-02
1.580565981566905975e-02
1.599524728953838348e-02
1.568525284528732300e-02
1.563992165029048920e-02
1.595477573573589325e-02
1.566680148243904114e-02
1.592594943940639496e-02
1.578822359442710876e-02
1.620968803763389587e-02
1.651641912758350372e-02
1.576072908937931061e-02
1.614435389637947083e-02
1.544184982776641846e-02
1.577745378017425537e-02
1.530098915100097656e-02
1.559573691338300705e-02
1.526178419589996338e-02
1.535487826913595200e-02
1.552505698055028915e-02
1.603778265416622162e-02
1.591364853084087372e-02
1.558295916765928268e-02
1.540004368871450424e-02
1.536522340029478073e-02
1.584502309560775757e-02
1.533887628465890884e-02
1.538616884499788284e-02
1.566930115222930908e-02
1.563866622745990753e-02
1.546605303883552551e-02
1.612602360546588898e-02
1.562597230076789856e-02
1.615533791482448578e-02
1.666479744017124176e-02
1.674524694681167603e-02
1.616866141557693481e-02
1.556578278541564941e-02
1.541864871978759766e-02
1.575458236038684845e-02
1.664309948682785034e-02
1.586795412003993988e-02
1.541314274072647095e-02
1.550770830363035202e-02
1.560831163078546524e-02
1.546866446733474731e-02
1.521496940404176712e-02
1.524743437767028809e-02
1.524155586957931519e-02
1.534500997513532639e-02
1.505456212908029556e-02
1.499343197792768478e-02
1.503396406769752502e-02
1.495042443275451660e-02
1.515668630599975586e-02
1.503771822899580002e-02
1.494199316948652267e-02
1.513205934315919876e-02
1.514647901058197021e-02
1.516711618751287460e-02
1.537849847227334976e-02
1.525630801916122437e-02
1.540577132254838943e-02
1.524925697594881058e-02
1.535324752330780029e-02
1.498856768012046814e-02
1.575834490358829498e-02
1.572612859308719635e-02
1.621016860008239746e-02
1.626488007605075836e-02
1.555822789669036865e-02
1.562682725489139557e-02
1.544714719057083130e-02
1.698358356952667236e-02
1.870760880410671234e-02
1.794296503067016602e-02
1.825428754091262817e-02
1.666697487235069275e-02
1.595410332083702087e-02
1.536255236715078354e-02
1.513521280139684677e-02
1.501716207712888718e-02
1.504421234130859375e-02
1.543691754341125488e-02
1.596513763070106506e-02
1.557635050266981125e-02
1.546509563922882080e-02
1.519007887691259384e-02
1.509693358093500137e-02
1.564529724419116974e-02
1.587876118719577789e-02
1.606289856135845184e-02
1.550442725419998169e-02
1.530758664011955261e-02
1.512650121003389359e-02
1.537722069770097733e-02
1.556115131825208664e-02
1.525267213582992554e-02
1.527966093271970749e-02
1.509413868188858032e-02
1.563237607479095459e-02
1.524024922400712967e-02
1.536804903298616409e-02
1.561120897531509399e-02
1.578072272241115570e-02
1.586081646382808685e-02
1.602692715823650360e-02
1.649896986782550812e-02
1.665106602013111115e-02
1.599075831472873688e-02
1.649481058120727539e-02
1.621604152023792267e-02
1.553325075656175613e-02
1.605791784822940826e-02
1.572440378367900848e-02
1.705906540155410767e-02
1.580483280122280121e-02
1.546809542924165726e-02
1.504055317491292953e-02
1.524658780544996262e-02
1.516547799110412598e-02
1.582466810941696167e-02
1.534352730959653854e-02
1.564154587686061859e-02
1.523584779351949692e-02
1.495227683335542679e-02
1.522901281714439392e-02
1.601688750088214874e-02
1.573173142969608307e-02
1.678674854338169098e-02
1.582483202219009399e-02
1.535668596625328064e-02
1.706987060606479645e-02
1.799711212515830994e-02
1.984599046409130096e-02
1.891302876174449921e-02
1.779415644705295563e-02
1.866381056606769562e-02
1.945005543529987335e-02
2.134990878403186798e-02
1.933697983622550964e-02
1.957937888801097870e-02
2.166970632970333099e-02
1.946864463388919830e-02
1.881966553628444672e-02
1.710867136716842651e-02
1.626832224428653717e-02
1.545864064246416092e-02
1.608925312757492065e-02
1.603394001722335815e-02
1.594975404441356659e-02
1.591926254332065582e-02
1.603430323302745819e-02
1.558313239365816116e-02
1.664618588984012604e-02
1.584383472800254822e-02
1.539342477917671204e-02
1.529395300894975662e-02
1.516477763652801514e-02
1.533218566328287125e-02
1.607417687773704529e-02
1.551325153559446335e-02
1.531987637281417847e-02
1.602639816701412201e-02
1.561316568404436111e-02
1.554338634014129639e-02
1.583790220320224762e-02
1.514205429702997208e-02
1.563546620309352875e-02
1.525402534753084183e-02
1.484044920653104782e-02
1.516233664005994797e-02
1.585438847541809082e-02
1.560736447572708130e-02
1.526504848152399063e-02
1.535768061876296997e-02
1.607388257980346680e-02
1.578945852816104889e-02
1.543459761887788773e-02
1.531144231557846069e-02
1.567444205284118652e-02
1.556375343352556229e-02
1.613944210112094879e-02
1.583739183843135834e-02
1.629494689404964447e-02
1.641966775059700012e-02
1.559149473905563354e-02
1.614546589553356171e-02
1.664441265165805817e-02
1.580131612718105316e-02
1.628615893423557281e-02
1.610693708062171936e-02
1.568416506052017212e-02
1.534456387162208557e-02
1.504996418952941895e-02
1.543352752923965454e-02
1.575600169599056244e-02
1.612186245620250702e-02
1.515715941786766052e-02
1.488126069307327271e-02
1.547324657440185547e-02
1.546617876738309860e-02
1.516345143318176270e-02
1.514119934290647507e-02
1.559486705809831619e-02
1.542962342500686646e-02
1.573763601481914520e-02
1.615858636796474457e-02
1.594185642898082733e-02
1.659009419381618500e-02
1.621612720191478729e-02
1.619654893875122070e-02
1.573544926941394806e-02
1.576278917491436005e-02
1.550388801842927933e-02
1.503321807831525803e-02
1.519406586885452271e-02
1.485330611467361450e-02
1.514421124011278152e-02
1.508516818284988403e-02
1.526072248816490173e-02
1.612419262528419495e-02
1.576357521116733551e-02
1.601717621088027954e-02
1.546693127602338791e-02
1.505519915372133255e-02
1.510120555758476257e-02
1.510612387210130692e-02
1.573579572141170502e-02
1.649121753871440887e-02
1.589823327958583832e-02
1.589848287403583527e-02
1.680087484419345856e-02
1.569731160998344421e-02
1.507131475955247879e-02
1.517933886498212814e-02
1.472836453467607498e-02
1.488627493381500244e-02
1.504238415509462357e-02
1.593293435871601105e-02
1.683582738041877747e-02
1.542534679174423218e-02
1.529895514249801636e-02
1.509448885917663574e-02
1.529910787940025330e-02
1.558597851544618607e-02
1.489657536149024963e-02
1.497236639261245728e-02
1.491239201277494431e-02
1.539991796016693115e-02
1.543871406465768814e-02
1.536026690155267715e-02
1.616859622299671173e-02
1.519706472754478455e-02
1.520067919045686722e-02
1.519733201712369919e-02
1.511083077639341354e-02
1.509957760572433472e-02
1.601177453994750977e-02
1.601576805114746094e-02
1.654717884957790375e-02
1.643860340118408203e-02
1.603373698890209198e-02
1.698605157434940338e-02
1.741036772727966309e-02
1.695662178099155426e-02
1.653006486594676971e-02
1.719757355749607086e-02
1.656199991703033447e-02
1.556206215173006058e-02
1.597234793007373810e-02
1.576009951531887054e-02
1.561894547194242477e-02
1.519022136926651001e-02
1.543235499411821365e-02
1.529009174555540085e-02
1.502615865319967270e-02
1.500256359577178955e-02
1.495198160409927368e-02
1.551842037588357925e-02
1.602572388947010040e-02
1.610767282545566559e-02
1.627886109054088593e-02
1.528631616383790970e-02
1.539007294923067093e-02
1.496018934994935989e-02
1.514736656099557877e-02
1.478797197341918945e-02
1.487963367253541946e-02
1.567789167165756226e-02
1.523030269891023636e-02
1.831053011119365692e-02
1.884422637522220612e-02
1.825505681335926056e-02
1.820236258208751678e-02
1.680437661707401276e-02
1.663069427013397217e-02
1.545626670122146606e-02
1.475799549371004105e-02
1.492728013545274734e-02
1.513118203729391098e-02
1.516018342226743698e-02
1.540129538625478745e-02
1.515395939350128174e-02
1.519938278943300247e-02
1.536890026181936264e-02
1.559945568442344666e-02
1.536903809756040573e-02
1.541687082499265671e-02
1.539983320981264114e-02
1.487138401716947556e-02
1.516797393560409546e-02
1.525733154267072678e-02
1.499301940202713013e-02
1.561912149190902710e-02
1.578369550406932831e-02
1.522067934274673462e-02
1.586770638823509216e-02
1.591702736914157867e-02
1.587763428688049316e-02
1.542514842003583908e-02
1.485756784677505493e-02
1.449220534414052963e-02
1.478220243006944656e-02
1.510894391685724258e-02
1.487956661731004715e-02
1.478965487331151962e-02
1.522731035947799683e-02
1.515943463891744614e-02
1.550133991986513138e-02
1.518108230084180832e-02
1.491606887429952621e-02
1.458731014281511307e-02
1.565213315188884735e-02
1.496890094131231308e-02
1.637949235737323761e-02
1.594996452331542969e-02
1.533141266554594040e-02
1.593537442386150360e-02
1.534766238182783127e-02
1.526106800884008408e-02
1.557254511862993240e-02
1.538241282105445862e-02
1.648683287203311920e-02
1.572637818753719330e-02
1.555128395557403564e-02
1.531487051397562027e-02
1.535872370004653931e-02
1.509890332818031311e-02
1.508917659521102905e-02
1.487739663571119308e-02
1.470267307013273239e-02
1.502876821905374527e-02
1.516512781381607056e-02
1.523387338966131210e-02
1.497077569365501404e-02
1.507457811385393143e-02
1.510100811719894409e-02
1.531036943197250366e-02
1.648025773465633392e-02
1.584456302225589752e-02
1.593912579119205475e-02
1.605255343019962311e-02
1.556169707328081131e-02
1.501535344868898392e-02
1.484831701964139938e-02
1.480170246213674545e-02
1.489794533699750900e-02
1.471959054470062256e-02
1.498140394687652588e-02
1.484589744359254837e-02
1.577486656606197357e-02
1.546812336891889572e-02
1.528101135045289993e-02
1.527878921478986740e-02
1.569760031998157501e-02
1.525860372930765152e-02
1.464430522173643112e-02
1.493738126009702682e-02
1.488422881811857224e-02
1.487668231129646301e-02
1.503395009785890579e-02
1.579768769443035126e-02
1.526828855276107788e-02
1.487278100103139877e-02
1.490720082074403763e-02
1.482234429568052292e-02
1.530123781412839890e-02
1.500883791595697403e-02
1.499449741095304489e-02
1.504027564078569412e-02
1.513177622109651566e-02
1.527585089206695557e-02
1.522568613290786743e-02
1.527795195579528809e-02
1.571071334183216095e-02
1.614740304648876190e-02
1.530880481004714966e-02
1.542308926582336426e-02
1.528798695653676987e-02
1.612053252756595612e-02
1.782061345875263214e-02
1.927278935909271240e-02
1.940172351896762848e-02
1.730669848620891571e-02
1.612761244177818298e-02
1.554813329130411148e-02
1.506691426038742065e-02
1.491944212466478348e-02
1.518529187887907028e-02
1.495954860001802444e-02
1.498175133019685745e-02
1.538173761218786240e-02
1.528257410973310471e-02
1.613651402294635773e-02
1.590684801340103149e-02
1.528316456824541092e-02
1.596679538488388062e-02
