2.097699195146560669e-01
8.053255081176757812e-02
6.075285375118255615e-02
3.927809372544288635e-02
3.067925386130809784e-02
2.416562847793102264e-02
2.159813046455383301e-02
1.782983727753162384e-02
1.629293896257877350e-02
1.409768965095281601e-02
1.438946276903152466e-02
1.206288579851388931e-02
1.185854058712720871e-02
1.217290759086608887e-02
1.103250682353973389e-02
9.944184683263301849e-03
9.965346194803714752e-03
9.223350323736667633e-03
9.142305701971054077e-03
9.270560927689075470e-03
9.022090584039688110e-03
9.151532314717769623e-03
9.557879529893398285e-03
9.698881767690181732e-03
9.450559504330158234e-03
8.862725459039211273e-03
8.984726853668689728e-03
9.083104319870471954e-03
9.074960835278034210e-03
8.489928208291530609e-03
8.554819040000438690e-03
8.626842871308326721e-03
9.992382489144802094e-03
8.637602441012859344e-03
8.743320591747760773e-03
9.373366832733154297e-03
8.632124401628971100e-03
9.408111684024333954e-03
8.744011633098125458e-03
9.514568373560905457e-03
9.345382452011108398e-03
8.669613860547542572e-03
9.965931065380573273e-03
8.622189052402973175e-03
8.219268172979354858e-03
8.441772311925888062e-03
8.164274506270885468e-03
8.470800705254077911e-03
9.995470754802227020e-03
1.062009856104850769e-02
1.268796902149915695e-02
1.832880266010761261e-02
2.433417737483978271e-02
2.654724754393100739e-02
2.028269506990909576e-02
1.650314778089523315e-02
1.712846569716930389e-02
1.375733222812414169e-02
1.156192924827337265e-02
1.334280800074338913e-02
1.292740460485219955e-02
1.144231203943490982e-02
1.170429214835166931e-02
1.024592202156782150e-02
9.577346034348011017e-03
9.009765461087226868e-03
9.881515987217426300e-03
9.356973692774772644e-03
8.246977813541889191e-03
7.860948331654071808e-03
7.831827737390995026e-03
7.442032452672719955e-03
7.588839624077081680e-03
8.123566396534442902e-03
7.254982832819223404e-03
7.499800529330968857e-03
8.083341643214225769e-03
7.326585706323385239e-03
7.464053109288215637e-03
7.513488177210092545e-03
7.239902392029762268e-03
6.991186644881963730e-03
7.223057094961404800e-03
7.018234580755233765e-03
7.104824762791395187e-03
7.022468373179435730e-03
6.741750985383987427e-03
6.567158270627260208e-03
7.074119988828897476e-03
7.303295191377401352e-03
7.797661703079938889e-03
7.294649723917245865e-03
7.143756840378046036e-03
6.280285771936178207e-03
6.864687893539667130e-03
6.478520575910806656e-03
6.559524219483137131e-03
6.962808314710855484e-03
6.956091616302728653e-03
6.135636474937200546e-03
7.124159019440412521e-03
6.968580186367034912e-03
6.870714947581291199e-03
6.982624530792236328e-03
6.836588028818368912e-03
6.275495979934930801e-03
6.959357764571905136e-03
7.140682544559240341e-03
5.739536602050065994e-03
6.715234369039535522e-03
6.727077066898345947e-03
7.280095946043729782e-03
6.464025471359491348e-03
7.011826615780591965e-03
8.727999404072761536e-03
1.018582656979560852e-02
1.067324727773666382e-02
1.425439585000276566e-02
1.317417621612548828e-02
1.360999327152967453e-02
9.431687183678150177e-03
8.340500295162200928e-03
9.328434243798255920e-03
8.735788054764270782e-03
9.223640896379947662e-03
8.730416186153888702e-03
1.083479821681976318e-02
1.528527494519948959e-02
1.815799809992313385e-02
2.098272554576396942e-02
2.063424326479434967e-02
1.456485688686370850e-02
1.418910548090934753e-02
1.288533210754394531e-02
9.610985405743122101e-03
1.115160435438156128e-02
9.537011384963989258e-03
1.043979544192552567e-02
8.075906895101070404e-03
6.986196618527173996e-03
7.342891301959753036e-03
8.365924470126628876e-03
7.193976547569036484e-03
6.455606315284967422e-03
6.123794708400964737e-03
6.015335675328969955e-03
5.809826776385307312e-03
5.851020570844411850e-03
5.856815259903669357e-03
5.693703889846801758e-03
5.640704650431871414e-03
5.858885124325752258e-03
5.940148141235113144e-03
5.789298098534345627e-03
5.984008777886629105e-03
6.889215204864740372e-03
8.250844664871692657e-03
7.521932944655418396e-03
8.503888733685016632e-03
8.568027056753635406e-03
1.259768381714820862e-02
1.510730851441621780e-02
1.677046157419681549e-02
2.018279023468494415e-02
2.136046625673770905e-02
1.390854548662900925e-02
1.014769729226827621e-02
9.498082101345062256e-03
8.846552111208438873e-03
1.079805288463830948e-02
1.181146595627069473e-02
8.961434476077556610e-03
7.017454132437705994e-03
6.655994802713394165e-03
7.756508886814117432e-03
6.491797510534524918e-03
6.390923634171485901e-03
8.812679909169673920e-03
8.323033340275287628e-03
6.633128505200147629e-03
5.466812755912542343e-03
5.456500221043825150e-03
5.469445139169692993e-03
5.618497263640165329e-03
5.315109621733427048e-03
5.383003968745470047e-03
5.448167677968740463e-03
5.202637985348701477e-03
5.362289492040872574e-03
5.443554371595382690e-03
5.048946477472782135e-03
5.286505911499261856e-03
5.342777818441390991e-03
6.748762447386980057e-03
1.068732608109712601e-02
1.179822068661451340e-02
9.423515759408473969e-03
8.719001896679401398e-03
7.540171500295400620e-03
9.350118227303028107e-03
1.024089287966489792e-02
1.340068411082029343e-02
1.506454031914472580e-02
2.065911516547203064e-02
1.922854036092758179e-02
1.424114871770143509e-02
9.302866645157337189e-03
9.576484560966491699e-03
7.395693566650152206e-03
6.796946283429861069e-03
7.855160161852836609e-03
6.660902407020330429e-03
6.944792810827493668e-03
6.900776177644729614e-03
6.315949838608503342e-03
5.637578666210174561e-03
6.004498805850744247e-03
5.622159689664840698e-03
5.838514771312475204e-03
5.429151933640241623e-03
5.263186991214752197e-03
5.186439491808414459e-03
5.498692858964204788e-03
7.173407822847366333e-03
9.516880847513675690e-03
1.277852337807416916e-02
1.425547897815704346e-02
1.215359568595886230e-02
7.882159203290939331e-03
6.151871290057897568e-03
5.966097116470336914e-03
5.362550262361764908e-03
5.370695143938064575e-03
7.324576377868652344e-03
1.097994297742843628e-02
1.320047210901975632e-02
1.356543600559234619e-02
8.450354449450969696e-03
1.198427099734544754e-02
1.307298243045806885e-02
1.159796398133039474e-02
7.728592026978731155e-03
6.248154211789369583e-03
5.952000617980957031e-03
5.512093659490346909e-03
5.288360174745321274e-03
5.336984526365995407e-03
5.590157117694616318e-03
7.347473409026861191e-03
7.070181425660848618e-03
5.845401436090469360e-03
7.738670799881219864e-03
5.854128394275903702e-03
7.360153365880250931e-03
6.500568706542253494e-03
7.933438755571842194e-03
7.944489829242229462e-03
8.484770543873310089e-03
5.989391356706619263e-03
6.387792527675628662e-03
9.773865342140197754e-03
1.240633893758058548e-02
1.397942658513784409e-02
1.333748921751976013e-02
1.272555906325578690e-02
9.538262151181697845e-03
7.253447081893682480e-03
6.682291626930236816e-03
7.126165553927421570e-03
6.648331880569458008e-03
7.755730301141738892e-03
6.780821830034255981e-03
5.671529099345207214e-03
7.625637110322713852e-03
8.181483484804630280e-03
6.934586446732282639e-03
5.801282357424497604e-03
6.468581501394510269e-03
8.045139722526073456e-03
1.087609399110078812e-02
1.308414060622453690e-02
1.132563874125480652e-02
8.271452970802783966e-03
9.124412201344966888e-03
6.594326347112655640e-03
6.670875009149312973e-03
7.577721029520034790e-03
1.054058130830526352e-02
1.245927345007658005e-02
1.291697472333908081e-02
1.003288011997938156e-02
6.336541380733251572e-03
7.525692228227853775e-03
9.071265347301959991e-03
6.642389576882123947e-03
5.364352371543645859e-03
5.360002163797616959e-03
4.982183687388896942e-03
5.473883822560310364e-03
5.467563867568969727e-03
5.509171634912490845e-03
5.450813099741935730e-03
6.330013275146484375e-03
8.268542587757110596e-03
5.364872049540281296e-03
6.031064316630363464e-03
6.893658544868230820e-03
7.029242347925901413e-03
6.491439417004585266e-03
7.445327937602996826e-03
8.557117544114589691e-03
7.710611447691917419e-03
6.223259959369897842e-03
7.336261216551065445e-03
9.860641323029994965e-03
1.116724684834480286e-02
1.257742289453744888e-02
7.882895879447460175e-03
6.686402019113302231e-03
9.290036745369434357e-03
8.997865952551364899e-03
1.116419211030006409e-02
1.337380055338144302e-02
1.064123958349227905e-02
7.227474823594093323e-03
7.543060462921857834e-03
6.475569214671850204e-03
6.594072561711072922e-03
6.268135737627744675e-03
6.854653824120759964e-03
9.467049501836299896e-03
9.924038313329219818e-03
6.224357988685369492e-03
4.981730598956346512e-03
5.043019074946641922e-03
5.081372801214456558e-03
5.113741848617792130e-03
6.116718053817749023e-03
9.516753256320953369e-03
1.222677528858184814e-02
1.299286913126707077e-02
1.028173696249723434e-02
9.463522583246231079e-03
1.177925523370504379e-02
1.230752468109130859e-02
9.662014432251453400e-03
1.188802998512983322e-02
1.288219820708036423e-02
1.081160549074411392e-02
7.760612294077873230e-03
6.668651942163705826e-03
6.826271768659353256e-03
6.136059761047363281e-03
7.671916391700506210e-03
6.997365504503250122e-03
8.653041906654834747e-03
7.192903663963079453e-03
6.295757833868265152e-03
7.044833153486251831e-03
7.802800741046667099e-03
7.754461374133825302e-03
8.842647075653076172e-03
1.025135535746812820e-02
1.162910368293523788e-02
1.284594833850860596e-02
9.181634522974491119e-03
8.513510227203369141e-03
9.234906174242496490e-03
6.624054163694381714e-03
6.677497178316116333e-03
6.598307285457849503e-03
6.359891500324010849e-03
6.445042788982391357e-03
6.397458259016275406e-03
6.344502326101064682e-03
6.737282499670982361e-03
8.649959228932857513e-03
8.690598420798778534e-03
1.240663975477218628e-02
1.190780848264694214e-02
9.832904674112796783e-03
1.007757335901260376e-02
7.774539291858673096e-03
9.375402703881263733e-03
6.288614124059677124e-03
6.945011671632528305e-03
6.873596459627151489e-03
6.064865738153457642e-03
6.343984976410865784e-03
5.873999092727899551e-03
7.517429534345865250e-03
7.585835177451372147e-03
5.754875484853982925e-03
5.478435661643743515e-03
6.582746747881174088e-03
9.879165329039096832e-03
1.206537988036870956e-02
1.099306065589189529e-02
7.676692213863134384e-03
6.542431190609931946e-03
7.559588178992271423e-03
7.379656191915273666e-03
7.403424009680747986e-03
8.208752609789371490e-03
9.494044817984104156e-03
7.329661864787340164e-03
7.187546696513891220e-03
7.216725032776594162e-03
8.032941259443759918e-03
9.382293559610843658e-03
1.109082996845245361e-02
1.155938114970922470e-02
1.121106278151273727e-02
9.656860493123531342e-03
7.365654688328504562e-03
8.859502151608467102e-03
6.585630122572183609e-03
6.289036478847265244e-03
6.011849269270896912e-03
6.437279284000396729e-03
6.165798753499984741e-03
6.226041819900274277e-03
6.963241379708051682e-03
9.255069307982921600e-03
9.567219763994216919e-03
9.963613934814929962e-03
7.514292839914560318e-03
7.991008460521697998e-03
6.251422222703695297e-03
7.458952721208333969e-03
1.039490383118391037e-02
1.153053063899278641e-02
1.099247112870216370e-02
9.036789648234844208e-03
7.097525522112846375e-03
1.006962824612855911e-02
1.158210169523954391e-02
1.193696726113557816e-02
1.041564997285604477e-02
1.045389380306005478e-02
9.356334805488586426e-03
6.635144352912902832e-03
8.529742248356342316e-03
7.312937173992395401e-03
6.689699366688728333e-03
6.244448479264974594e-03
6.014229729771614075e-03
6.610088050365447998e-03
7.736187428236007690e-03
6.733780726790428162e-03
8.093598298728466034e-03
8.318611420691013336e-03
1.065977755934000015e-02
1.155098900198936462e-02
7.881161756813526154e-03
5.355989560484886169e-03
5.133950151503086090e-03
5.043058190494775772e-03
4.879163112491369247e-03
4.801043309271335602e-03
4.645540844649076462e-03
5.030266009271144867e-03
5.597752053290605545e-03
5.128943827003240585e-03
5.173821467906236649e-03
4.778046626597642899e-03
5.091452505439519882e-03
4.949736874550580978e-03
5.517423152923583984e-03
5.309051368385553360e-03
5.200269166380167007e-03
6.100244354456663132e-03
7.665681187063455582e-03
8.215575478971004486e-03
1.181543618440628052e-02
1.215935405343770981e-02
9.878516197204589844e-03
8.290416561067104340e-03
9.249358437955379486e-03
1.065334398299455643e-02
1.156711485236883163e-02
8.472454734146595001e-03
6.823163013905286789e-03
7.917164824903011322e-03
7.056377828121185303e-03
8.171985857188701630e-03
6.545333191752433777e-03
7.163370493799448013e-03
9.607152082026004791e-03
1.149404514580965042e-02
1.147668808698654175e-02
9.775795973837375641e-03
1.033130753785371780e-02
1.166395377367734909e-02
7.205268833786249161e-03
7.068593520671129227e-03
6.219120696187019348e-03
6.015356630086898804e-03
6.768071558326482773e-03
6.618447601795196533e-03
8.977222256362438202e-03
1.056616287678480148e-02
1.110598072409629822e-02
7.661531213670969009e-03
7.958170026540756226e-03
8.187298662960529327e-03
1.098122447729110718e-02
1.200819294899702072e-02
1.004788745194673538e-02
8.809464983642101288e-03
8.287842385470867157e-03
6.048997864127159119e-03
6.249265745282173157e-03
6.059012841433286667e-03
5.889030639082193375e-03
6.622787099331617355e-03
7.954075001180171967e-03
5.913435015827417374e-03
6.768755614757537842e-03
6.956407334655523300e-03
8.435253985226154327e-03
1.020909193903207779e-02
1.088348776102066040e-02
9.646807797253131866e-03
7.566944230347871780e-03
6.741240154951810837e-03
6.294570863246917725e-03
6.120297592133283615e-03
6.294781342148780823e-03
5.711575504392385483e-03
6.542531773447990417e-03
6.124205887317657471e-03
5.973367486149072647e-03
7.882204838097095490e-03
6.885683629661798477e-03
7.453128695487976074e-03
6.127970758825540543e-03
6.714424584060907364e-03
8.223013021051883698e-03
6.439012009650468826e-03
6.614064332097768784e-03
8.085938170552253723e-03
8.048888295888900757e-03
1.058952230960130692e-02
1.162635814398527145e-02
9.280485101044178009e-03
1.044572237879037857e-02
1.048495620489120483e-02
9.674498811364173889e-03
9.149330668151378632e-03
1.032923813909292221e-02
1.080153882503509521e-02
8.139406330883502960e-03
6.980466190725564957e-03
7.499482948333024979e-03
6.805891636759042740e-03
6.356630008667707443e-03
8.259952999651432037e-03
9.878088720142841339e-03
8.984514512121677399e-03
6.560195703059434891e-03
5.774041172116994858e-03
5.550515372306108475e-03
6.161566358059644699e-03
6.894275546073913574e-03
7.682241499423980713e-03
6.815986242145299911e-03
7.780682295560836792e-03
5.917619913816452026e-03
5.822886247187852859e-03
7.020235527306795120e-03
7.970093749463558197e-03
6.150653585791587830e-03
5.942800547927618027e-03
6.413771305233240128e-03
5.899010226130485535e-03
5.026870872825384140e-03
4.907992668449878693e-03
5.110588856041431427e-03
5.106322932988405228e-03
5.373027175664901733e-03
5.809822585433721542e-03
7.352429907768964767e-03
8.850025944411754608e-03
1.070918794721364975e-02
1.043121516704559326e-02
7.083066273480653763e-03
8.290591649711132050e-03
6.848280783742666245e-03
6.729751825332641602e-03
5.485172849148511887e-03
6.068254355341196060e-03
6.773807108402252197e-03
5.690890830010175705e-03
6.548815872520208359e-03
9.162164293229579926e-03
1.091276947408914566e-02
9.865709580481052399e-03
7.862049154937267303e-03
5.762703716754913330e-03
5.821225699037313461e-03
6.149742286652326584e-03
5.796696990728378296e-03
5.904860794544219971e-03
6.596322637051343918e-03
7.930814288556575775e-03
7.408462464809417725e-03
8.347354829311370850e-03
1.060950476676225662e-02
1.157768722623586655e-02
1.025949511677026749e-02
7.045847829431295395e-03
6.239471957087516785e-03
6.267065647989511490e-03
6.087951362133026123e-03
6.927734706550836563e-03
6.510008126497268677e-03
7.790348958224058151e-03
6.966170389205217361e-03
5.697418004274368286e-03
4.873836878687143326e-03
4.776019603013992310e-03
4.814994521439075470e-03
4.904324654489755630e-03
5.135004874318838120e-03
7.346490863710641861e-03
8.247455582022666931e-03
1.095957029610872269e-02
1.194195728749036789e-02
1.256168261170387268e-02
9.122609160840511322e-03
8.314384147524833679e-03
7.161709014326334000e-03
7.414336781948804855e-03
6.525013130158185959e-03
7.840549573302268982e-03
6.126020103693008423e-03
6.743095815181732178e-03
7.550748530775308609e-03
6.365729961544275284e-03
8.283114992082118988e-03
6.283253431320190430e-03
7.591870147734880447e-03
8.048021234571933746e-03
1.056483108550310135e-02
1.118425652384757996e-02
9.053127840161323547e-03
6.269319448620080948e-03
6.607739254832267761e-03
5.390651524066925049e-03
5.893491674214601517e-03
6.837113294750452042e-03
6.377060431987047195e-03
8.167594671249389648e-03
6.302495952695608139e-03
6.032500881701707840e-03
6.223620846867561340e-03
6.029551383107900620e-03
6.269369274377822876e-03
5.618929862976074219e-03
7.083648815751075745e-03
6.296314299106597900e-03
8.033112622797489166e-03
6.292782723903656006e-03
6.764009594917297363e-03
8.375196717679500580e-03
9.200280532240867615e-03
1.050399895757436752e-02
1.035224366933107376e-02
8.008123375475406647e-03
7.893872447311878204e-03
7.960117422044277191e-03
6.673660594969987869e-03
6.271851714700460434e-03
6.961271166801452637e-03
6.396735552698373795e-03
8.188545703887939453e-03
6.421825382858514786e-03
5.503986030817031860e-03
4.999142605811357498e-03
5.002398043870925903e-03
5.013441666960716248e-03
4.962093196809291840e-03
5.090192425996065140e-03
5.191925447434186935e-03
4.782304633408784866e-03
4.963612649589776993e-03
7.337900344282388687e-03
8.480771444737911224e-03
1.172149647027254105e-02
9.610955603420734406e-03
8.193616755306720734e-03
7.111898157745599747e-03
7.308359723538160324e-03
6.405628751963376999e-03
5.950099322944879532e-03
5.101491231471300125e-03
4.918318707495927811e-03
5.305176135152578354e-03
4.874974954873323441e-03
5.116386804729700089e-03
4.910195712000131607e-03
4.953157622367143631e-03
5.455838050693273544e-03
6.847263779491186142e-03
5.109063815325498581e-03
5.125875584781169891e-03
4.801600705832242966e-03
5.097731947898864746e-03
5.526388529688119888e-03
6.514230743050575256e-03
8.684060536324977875e-03
9.762478061020374298e-03
1.051967870444059372e-02
7.396802306175231934e-03
5.863720085471868515e-03
5.315473303198814392e-03
5.562802311033010483e-03
6.091587711125612259e-03
6.059003528207540512e-03
6.144106388092041016e-03
6.181729491800069809e-03
6.085716187953948975e-03
5.823573563247919083e-03
6.028262432664632797e-03
6.369038019329309464e-03
7.373014930635690689e-03
7.013181690126657486e-03
6.719898432493209839e-03
7.395087275654077530e-03
8.050746284425258636e-03
7.142371032387018204e-03
6.621148437261581421e-03
5.416096653789281845e-03
5.946478340774774551e-03
7.697558496147394180e-03
9.435418061912059784e-03
8.027802221477031708e-03
6.632394623011350632e-03
6.443328689783811569e-03
7.443200796842575073e-03
7.329134736210107803e-03
7.095091044902801514e-03
5.960328504443168640e-03
6.291354075074195862e-03
5.684226285666227341e-03
6.012035999447107315e-03
6.562025751918554306e-03
7.852245122194290161e-03
6.353580858558416367e-03
5.721852183341979980e-03
6.296254694461822510e-03
8.009941317141056061e-03
6.392109673470258713e-03
6.059569772332906723e-03
5.793096497654914856e-03
6.246409844607114792e-03
6.964955944567918777e-03
6.650687661021947861e-03
8.297374472022056580e-03
7.725711911916732788e-03
8.338991552591323853e-03
1.008970197290182114e-02
1.013091113418340683e-02
7.660901173949241638e-03
6.672650575637817383e-03
6.363832857459783554e-03
7.242181804031133652e-03
6.061982363462448120e-03
5.930489394813776016e-03
5.572890397161245346e-03
5.028359126299619675e-03
4.712601657956838608e-03
4.728275351226329803e-03
4.706697538495063782e-03
4.803802352398633957e-03
5.310776177793741226e-03
4.790865350514650345e-03
4.517589230090379715e-03
5.253193899989128113e-03
4.984658677130937576e-03
5.812637973576784134e-03
6.332448218017816544e-03
6.623455788940191269e-03
8.293456397950649261e-03
7.108836900442838669e-03
5.874952767044305801e-03
6.080059800297021866e-03
5.577585194259881973e-03
6.421804428100585938e-03
5.752029363065958023e-03
5.363473203033208847e-03
6.975404918193817139e-03
6.854447070509195328e-03
6.160728633403778076e-03
7.529853377491235733e-03
6.637523416429758072e-03
7.034562993794679642e-03
6.864769849926233292e-03
5.549314897507429123e-03
4.870378877967596054e-03
4.952254705131053925e-03
5.099698435515165329e-03
5.321193486452102661e-03
4.839713685214519501e-03
5.729319527745246887e-03
6.634213030338287354e-03
8.179522119462490082e-03
7.502980064600706100e-03
6.675563752651214600e-03
6.909006740897893906e-03
8.266448974609375000e-03
9.073517285287380219e-03
9.668569080531597137e-03
8.969235233962535858e-03
9.858432225883007050e-03
1.033586636185646057e-02
7.161718327552080154e-03
5.873218644410371780e-03
6.482077296823263168e-03
7.210233714431524277e-03
5.474759731441736221e-03
5.540272220969200134e-03
6.471140775829553604e-03
8.061747997999191284e-03
6.876975763589143753e-03
8.987718261778354645e-03
1.032866258174180984e-02
9.913994930684566498e-03
8.439180441200733185e-03
8.128050714731216431e-03
6.597281899303197861e-03
6.405785679817199707e-03
6.545281503349542618e-03
7.513035088777542114e-03
7.315898314118385315e-03
5.526970606297254562e-03
5.024317651987075806e-03
4.738258197903633118e-03
4.651504103094339371e-03
4.760226700454950333e-03
4.814826417714357376e-03
4.790396895259618759e-03
4.759698174893856049e-03
4.562205169349908829e-03
5.049825180321931839e-03
4.997943062335252762e-03
4.972843918949365616e-03
6.270649377256631851e-03
6.408514454960823059e-03
5.392224062234163284e-03
6.476147565990686417e-03
5.514053162187337875e-03
6.033835932612419128e-03
6.049497518688440323e-03
5.646711681038141251e-03
5.347749218344688416e-03
6.219045724719762802e-03
5.479419603943824768e-03
6.002783775329589844e-03
6.182273384183645248e-03
6.189467851072549820e-03
5.417162552475929260e-03
6.227367091923952103e-03
5.726534873247146606e-03
5.605208221822977066e-03
6.456104572862386703e-03
5.432378035038709641e-03
5.343025084584951401e-03
6.360328290611505508e-03
6.058694329112768173e-03
5.856448318809270859e-03
5.983876064419746399e-03
5.399165675044059753e-03
5.636420100927352905e-03
7.227633148431777954e-03
7.925100624561309814e-03
1.046402659267187119e-02
1.040671113878488541e-02
8.343199267983436584e-03
9.711341001093387604e-03
1.053570676594972610e-02
8.519439958035945892e-03
6.888352334499359131e-03
7.019545882940292358e-03
6.132280919700860977e-03
6.026023998856544495e-03
5.542961414903402328e-03
6.215084344148635864e-03
5.891248118132352829e-03
6.126675754785537720e-03
5.627475213259458542e-03
6.439233198761940002e-03
5.140501540154218674e-03
4.705306608229875565e-03
4.670433234423398972e-03
4.777776543051004410e-03
4.609496332705020905e-03
4.605272319167852402e-03
4.975236486643552780e-03
5.969801452010869980e-03
5.842966958880424500e-03
5.173183511942625046e-03
4.827131051570177078e-03
5.107638891786336899e-03
5.087263882160186768e-03
4.923283122479915619e-03
5.058825481683015823e-03
4.844810813665390015e-03
4.685723688453435898e-03
5.755321588367223740e-03
6.953445728868246078e-03
9.282407350838184357e-03
1.086767390370368958e-02
9.061545133590698242e-03
6.630148272961378098e-03
6.147914100438356400e-03
6.942162755876779556e-03
6.688982713967561722e-03
7.997400127351284027e-03
8.818030357360839844e-03
9.724453091621398926e-03
9.403207339346408844e-03
7.773125544190406799e-03
8.291470818221569061e-03
8.495416492223739624e-03
8.540038950741291046e-03
6.183344405144453049e-03
5.842017009854316711e-03
5.883099976927042007e-03
6.306980270892381668e-03
4.905525129288434982e-03
4.798325244337320328e-03
5.251834634691476822e-03
4.843412898480892181e-03
4.866192117333412170e-03
5.053162574768066406e-03
5.038334056735038757e-03
4.904604051262140274e-03
5.290342960506677628e-03
4.834555089473724365e-03
4.874984733760356903e-03
5.296371877193450928e-03
4.814419429749250412e-03
4.835027735680341721e-03
5.063884425908327103e-03
4.948583897203207016e-03
5.115311592817306519e-03
4.617882426828145981e-03
4.871068987995386124e-03
4.905758891254663467e-03
4.790605511516332626e-03
4.773058928549289703e-03
4.672287497669458389e-03
4.681394435465335846e-03
4.830483812838792801e-03
4.767992999404668808e-03
4.506859462708234787e-03
5.000421311706304550e-03
5.166626069694757462e-03
6.537014152854681015e-03
7.153654471039772034e-03
6.624582689255475998e-03
6.810443941503763199e-03
5.006991326808929443e-03
5.185536108911037445e-03
4.821406677365303040e-03
4.660269711166620255e-03
4.747220780700445175e-03
4.702233243733644485e-03
4.819637630134820938e-03
4.890423733741044998e-03
5.243280436843633652e-03
5.098788999021053314e-03
4.989204462617635727e-03
4.702177364379167557e-03
5.192567128688097000e-03
5.583358462899923325e-03
6.608607713133096695e-03
7.104638963937759399e-03
6.895753089338541031e-03
6.295304745435714722e-03
6.593833211809396744e-03
5.248562898486852646e-03
5.303897429257631302e-03
5.322891753166913986e-03
4.800508264452219009e-03
4.755923058837652206e-03
4.677570890635251999e-03
4.826234187930822372e-03
5.177435930818319321e-03
4.936162382364273071e-03
5.262317601591348648e-03
6.443718448281288147e-03
8.288086391985416412e-03
6.225456949323415756e-03
5.682786926627159119e-03
6.105635315179824829e-03
6.058798637241125107e-03
5.606213584542274475e-03
