1.982632875442504883e-01
4.648707434535026550e-02
1.221903506666421890e-02
1.299408078193664551e-02
1.658523641526699066e-02
1.503575686365365982e-02
1.173498574644327164e-02
1.025379728525876999e-02
1.036797184497117996e-02
1.061675976961851120e-02
1.029328908771276474e-02
9.852308779954910278e-03
9.726541116833686829e-03
9.720893576741218567e-03
9.610743261873722076e-03
9.328470565378665924e-03
8.946334011852741241e-03
8.515284396708011627e-03
8.129108697175979614e-03
7.634125649929046631e-03
7.013807538896799088e-03
6.250240374356508255e-03
5.542092025279998779e-03
4.709439817816019058e-03
3.970406949520111084e-03
3.594481153413653374e-03
3.331213491037487984e-03
3.191870404407382011e-03
3.161998232826590538e-03
3.038123948499560356e-03
2.943967469036579132e-03
2.911815419793128967e-03
2.837682841345667839e-03
2.824532566592097282e-03
2.806355012580752373e-03
2.778084250167012215e-03
2.765695564448833466e-03
2.753746928647160530e-03
2.731678308919072151e-03
2.731134416535496712e-03
2.712081186473369598e-03
2.690580906346440315e-03
2.679481869563460350e-03
2.670451765879988670e-03
2.668958157300949097e-03
2.648513065651059151e-03
2.651924500241875648e-03
2.624325221404433250e-03
2.656721277162432671e-03
2.632709452882409096e-03
2.667513443157076836e-03
2.654602518305182457e-03
2.655560849234461784e-03
2.606844529509544373e-03
2.608593786135315895e-03
2.594125689938664436e-03
2.590026473626494408e-03
2.586883259937167168e-03
2.614484168589115143e-03
2.608101582154631615e-03
2.583153778687119484e-03
2.584489062428474426e-03
2.597435610368847847e-03
2.583775669336318970e-03
2.608671085909008980e-03
2.575020072981715202e-03
2.565258415415883064e-03
2.568911761045455933e-03
2.566623268648982048e-03
2.573772799223661423e-03
2.556928666308522224e-03
2.559483749791979790e-03
2.554624341428279877e-03
2.554236212745308876e-03
2.553672529757022858e-03
2.581467851996421814e-03
2.610764466226100922e-03
2.619827166199684143e-03
2.619197824969887733e-03
2.558783628046512604e-03
2.541231689974665642e-03
2.564964117482304573e-03
2.543544396758079529e-03
2.538109896704554558e-03
2.541496418416500092e-03
2.539974870160222054e-03
2.543805399909615517e-03
2.544597024098038673e-03
2.552318386733531952e-03
2.533696359023451805e-03
2.545337891206145287e-03
2.558024832978844643e-03
2.542827045544981956e-03
2.541621914133429527e-03
2.532983431592583656e-03
2.530124736949801445e-03
2.545117400586605072e-03
2.571078250184655190e-03
2.554646926000714302e-03
2.548935823142528534e-03
2.547732787206768990e-03
2.565050264820456505e-03
2.552391495555639267e-03
2.536487998440861702e-03
2.533090533688664436e-03
2.557429252192378044e-03
2.570314565673470497e-03
2.550028031691908836e-03
2.550950273871421814e-03
2.533617662265896797e-03
2.521463669836521149e-03
2.521689748391509056e-03
2.530546393245458603e-03
2.532028127461671829e-03
2.534314058721065521e-03
2.552860882133245468e-03
2.510488033294677734e-03
2.532837446779012680e-03
2.519527915865182877e-03
2.560376655310392380e-03
2.520790556445717812e-03
2.514690160751342773e-03
2.531855367124080658e-03
2.532032551243901253e-03
2.537848660722374916e-03
2.569910837337374687e-03
2.552123973146080971e-03
2.524253213778138161e-03
2.509725512936711311e-03
2.505581127479672432e-03
2.505106385797262192e-03
2.513674786314368248e-03
2.500545233488082886e-03
2.498243236914277077e-03
2.498981542885303497e-03
2.496545435860753059e-03
2.513254759833216667e-03
2.500139875337481499e-03
2.495418768376111984e-03
2.488272264599800110e-03
2.519749337807297707e-03
2.517627319321036339e-03
2.497923327609896660e-03
2.486076904460787773e-03
2.531151985749602318e-03
2.476955996826291084e-03
2.476883586496114731e-03
2.473521046340465546e-03
2.477789297699928284e-03
2.489025937393307686e-03
2.488881349563598633e-03
2.483340213075280190e-03
2.469611587002873421e-03
2.476325025781989098e-03
2.487693913280963898e-03
2.467788988724350929e-03
2.489226404577493668e-03
2.525696298107504845e-03
2.546490170061588287e-03
2.492694649845361710e-03
2.418604912236332893e-03
2.429711399599909782e-03
2.383176004514098167e-03
2.359005855396389961e-03
2.390786772593855858e-03
2.282670699059963226e-03
2.267060102894902229e-03
2.239895984530448914e-03
2.207562327384948730e-03
2.173374639824032784e-03
2.138679148629307747e-03
2.126891165971755981e-03
2.102447673678398132e-03
2.096250886097550392e-03
2.053031930699944496e-03
2.048492431640625000e-03
2.005242044106125832e-03
1.981556648388504982e-03
1.989359036087989807e-03
2.014978090301156044e-03
2.010633004829287529e-03
1.965351635590195656e-03
1.972865080460906029e-03
1.949938014149665833e-03
1.950427307747304440e-03
1.992013538256287575e-03
1.934523344971239567e-03
2.064055297523736954e-03
1.902715303003787994e-03
1.888987026177346706e-03
1.853272900916635990e-03
1.855718903243541718e-03
1.840106560848653316e-03
1.819054596126079559e-03
1.803680905140936375e-03
1.786057488061487675e-03
1.782545819878578186e-03
1.785787171684205532e-03
1.753609045408666134e-03
1.771459821611642838e-03
1.749055809341371059e-03
1.776142045855522156e-03
1.786761917173862457e-03
1.740462728776037693e-03
1.739343628287315369e-03
1.793737639673054218e-03
1.787246321327984333e-03
1.736416481435298920e-03
1.725335605442523956e-03
1.699967193417251110e-03
1.697408384643495083e-03
1.698037493042647839e-03
1.735003199428319931e-03
1.674910192377865314e-03
1.670958125032484531e-03
1.659585745073854923e-03
1.668044715188443661e-03
1.668385230004787445e-03
1.725383452139794827e-03
1.700383145362138748e-03
1.801194972358644009e-03
1.719690975733101368e-03
1.751632895320653915e-03
1.924400799907743931e-03
1.736916135996580124e-03
1.682580797933042049e-03
1.648955047130584717e-03
1.701164990663528442e-03
1.731254626065492630e-03
1.674108556471765041e-03
1.694619306363165379e-03
1.692030229605734348e-03
1.722531276755034924e-03
1.694504986517131329e-03
1.661898219026625156e-03
1.627741032280027866e-03
1.626948243938386440e-03
1.620330847799777985e-03
1.622975803911685944e-03
1.597443711943924427e-03
1.705235219560563564e-03
1.598491217009723186e-03
1.596439164131879807e-03
1.600407063961029053e-03
1.598633825778961182e-03
1.635119668208062649e-03
1.633957610465586185e-03
1.589649822562932968e-03
1.583609147928655148e-03
1.574873109348118305e-03
1.573918852955102921e-03
1.596431247889995575e-03
1.575901173055171967e-03
1.556421979330480099e-03
1.586740487255156040e-03
1.554177026264369488e-03
1.582514145411550999e-03
1.559054595418274403e-03
1.561335753649473190e-03
1.581599819473922253e-03
1.556770526804029942e-03
1.567724044434726238e-03
1.536984578706324100e-03
1.551006454974412918e-03
1.553948852233588696e-03
1.542193233035504818e-03
1.566182356327772141e-03
1.574349589645862579e-03
1.640018424950540066e-03
1.566981314681470394e-03
1.652777777053415775e-03
1.612694351933896542e-03
1.603436772711575031e-03
1.563408412039279938e-03
1.531909569166600704e-03
1.544485799968242645e-03
1.583912875503301620e-03
1.560514676384627819e-03
1.609232276678085327e-03
1.629025675356388092e-03
1.597185037098824978e-03
1.574959605932235718e-03
1.570466556586325169e-03
1.565977931022644043e-03
1.593199209310114384e-03
1.516451709903776646e-03
1.506693777628242970e-03
1.498359837569296360e-03
1.494670752435922623e-03
1.502453233115375042e-03
1.520158722996711731e-03
1.492387033067643642e-03
1.504217274487018585e-03
1.480422448366880417e-03
1.507736160419881344e-03
1.484365784563124180e-03
1.589143648743629456e-03
1.545774633996188641e-03
1.652313047088682652e-03
1.576052396558225155e-03
1.507390639744699001e-03
1.495591830462217331e-03
1.482682302594184875e-03
1.470235292799770832e-03
1.469766255468130112e-03
1.477798097766935825e-03
1.482733408920466900e-03
1.480318489484488964e-03
1.468645990826189518e-03
1.458227285183966160e-03
1.474911230616271496e-03
1.461905427277088165e-03
1.478001358918845654e-03
1.496555400080978870e-03
1.457651145756244659e-03
1.475016935728490353e-03
1.531751709990203381e-03
1.482181251049041748e-03
1.472351956181228161e-03
1.587226171977818012e-03
1.530731562525033951e-03
1.515330397523939610e-03
1.495011500082910061e-03
1.469424343667924404e-03
1.461034757085144520e-03
1.532652066089212894e-03
1.516909687779843807e-03
1.472491770982742310e-03
1.480126171372830868e-03
1.480650505982339382e-03
1.589809544384479523e-03
1.472253235988318920e-03
1.473275362513959408e-03
1.494093798100948334e-03
1.499325153417885303e-03
1.483383937738835812e-03
1.456943922676146030e-03
1.442878856323659420e-03
1.436413149349391460e-03
1.437809201888740063e-03
1.433161436580121517e-03
1.469602459110319614e-03
1.469110487960278988e-03
1.481498940847814083e-03
1.482123043388128281e-03
1.451946212910115719e-03
1.508327550254762173e-03
1.441586297005414963e-03
1.423615147359669209e-03
1.442344859242439270e-03
1.434726640582084656e-03
1.440920750610530376e-03
1.427649869583547115e-03
1.430038944818079472e-03
1.439392217434942722e-03
1.445034169591963291e-03
1.504714949987828732e-03
1.432192511856555939e-03
1.421471708454191685e-03
1.470069400966167450e-03
1.450729090720415115e-03
1.507532200776040554e-03
1.433038618415594101e-03
1.461238600313663483e-03
1.430420670658349991e-03
1.421257271431386471e-03
1.422664732672274113e-03
1.435074838809669018e-03
1.486400142312049866e-03
1.493735704571008682e-03
1.427797949872910976e-03
1.420137821696698666e-03
1.412252313457429409e-03
1.412927289493381977e-03
1.437150756828486919e-03
1.512307091616094112e-03
1.474824268370866776e-03
1.429791213013231754e-03
1.411028555594384670e-03
1.437478698790073395e-03
1.515095471404492855e-03
1.494858297519385815e-03
1.518248580396175385e-03
1.566947088576853275e-03
1.459118560887873173e-03
1.505435793660581112e-03
1.508133369497954845e-03
1.534596434794366360e-03
1.591981505043804646e-03
1.625162432901561260e-03
1.636290573514997959e-03
1.585275866091251373e-03
1.499780802987515926e-03
1.455045305192470551e-03
1.448504975996911526e-03
1.478227437473833561e-03
1.447581336833536625e-03
1.416890881955623627e-03
1.418076921254396439e-03
1.510638743638992310e-03
1.491916016675531864e-03
1.431013923138380051e-03
1.418095082044601440e-03
1.401340588927268982e-03
1.421259716153144836e-03
1.452667638659477234e-03
1.416215673089027405e-03
1.396132516674697399e-03
1.408296986483037472e-03
1.399598666466772556e-03
1.398053951561450958e-03
1.419946900568902493e-03
1.440949854440987110e-03
1.469583832658827305e-03
1.444804132916033268e-03
1.420943182893097401e-03
1.469398266635835171e-03
1.435902318917214870e-03
1.407724223099648952e-03
1.437484635971486568e-03
1.426115981303155422e-03
1.451805117540061474e-03
1.437584985978901386e-03
1.477816142141819000e-03
1.505334861576557159e-03
1.440480700694024563e-03
1.404711976647377014e-03
1.408034353516995907e-03
1.454486162401735783e-03
1.456386060453951359e-03
1.427494571544229984e-03
1.422770670615136623e-03
1.402529538609087467e-03
1.460360712371766567e-03
1.462439424358308315e-03
1.410720986314117908e-03
1.469103037379682064e-03
1.397213549353182316e-03
1.457700156606733799e-03
1.418890897184610367e-03
1.405956805683672428e-03
1.396635198034346104e-03
1.382961752824485302e-03
1.407733187079429626e-03
1.403299742378294468e-03
1.378061715513467789e-03
1.413248013705015182e-03
1.378783141262829304e-03
1.382596790790557861e-03
1.400532783009111881e-03
1.443273853510618210e-03
1.428399351425468922e-03
1.444470137357711792e-03
1.397051266394555569e-03
1.392488833516836166e-03
1.380953937768936157e-03
1.392065547406673431e-03
1.381267793476581573e-03
1.374362036585807800e-03
1.366647542454302311e-03
1.389340148307383060e-03
1.477826386690139771e-03
1.456337049603462219e-03
1.410411670804023743e-03
1.472895382903516293e-03
1.514495234005153179e-03
1.528730033896863461e-03
1.407668925821781158e-03
1.373880892060697079e-03
1.368717872537672520e-03
1.369196921586990356e-03
1.395989558659493923e-03
1.399884349666535854e-03
1.423367881216108799e-03
1.385772950015962124e-03
1.369396806694567204e-03
1.375876716338098049e-03
1.370720681734383106e-03
1.360598369501531124e-03
1.384002156555652618e-03
1.402311027050018311e-03
1.430541393347084522e-03
1.440571038983762264e-03
1.387590193189680576e-03
1.386009156703948975e-03
1.359112909995019436e-03
1.366415410302579403e-03
1.359248184598982334e-03
1.378526561893522739e-03
1.381490495987236500e-03
1.446215552277863026e-03
1.375552616082131863e-03
1.403021044097840786e-03
1.450532581657171249e-03
1.560753560625016689e-03
1.434017438441514969e-03
1.515329349786043167e-03
1.456955913454294205e-03
1.406715833581984043e-03
1.399150700308382511e-03
1.377098262310028076e-03
1.381823443807661533e-03
1.354506821371614933e-03
1.382329501211643219e-03
1.392633654177188873e-03
1.420824439264833927e-03
1.408623065799474716e-03
1.405409886501729488e-03
1.401586923748254776e-03
1.363161485642194748e-03
1.366118318401277065e-03
1.385376788675785065e-03
1.357748988084495068e-03
1.349197700619697571e-03
1.362638548016548157e-03
1.445462577976286411e-03
1.374224550090730190e-03
1.368843484669923782e-03
1.358698122203350067e-03
1.364929019473493099e-03
1.377821899950504303e-03
1.430234988220036030e-03
1.440215040929615498e-03
1.418667496182024479e-03
1.502090715803205967e-03
1.404104754328727722e-03
1.374047133140265942e-03
1.344287768006324768e-03
1.336744637228548527e-03
1.334421220235526562e-03
1.336006447672843933e-03
1.339754089713096619e-03
1.352361869066953659e-03
1.331770326942205429e-03
1.393501763232052326e-03
1.348304562270641327e-03
1.358996261842548847e-03
1.342676230706274509e-03
1.325197867117822170e-03
1.332068350166082382e-03
1.365257776342332363e-03
1.380333676934242249e-03
1.349248457700014114e-03
1.323117292486131191e-03
1.336393295787274837e-03
1.329353079199790955e-03
1.381011097691953182e-03
1.391636556945741177e-03
1.370343030430376530e-03
1.346199773252010345e-03
1.330923871137201786e-03
1.330172643065452576e-03
1.320832408964633942e-03
1.336111687123775482e-03
1.338440342806279659e-03
1.333804335445165634e-03
1.335090841166675091e-03
1.321173389442265034e-03
1.374159124679863453e-03
1.337214955128729343e-03
1.331833656877279282e-03
1.327442587353289127e-03
1.342436880804598331e-03
1.316049718298017979e-03
1.319473027251660824e-03
1.317815738730132580e-03
1.346606295555830002e-03
1.310255960561335087e-03
1.371560967527329922e-03
1.335776993073523045e-03
1.401421963237226009e-03
1.362076029181480408e-03
1.328309997916221619e-03
1.324671786278486252e-03
1.305008772760629654e-03
1.349015161395072937e-03
1.366789336316287518e-03
1.330828643403947353e-03
1.325966673903167248e-03
1.339483889751136303e-03
1.302434597164392471e-03
1.312909764237701893e-03
1.363665913231670856e-03
1.350898761302232742e-03
1.378488610498607159e-03
1.300997915677726269e-03
1.300388947129249573e-03
1.395576982758939266e-03
1.480594277381896973e-03
1.431394019164144993e-03
1.373852603137493134e-03
1.366803073324263096e-03
1.366220531053841114e-03
1.334736123681068420e-03
1.350785139948129654e-03
1.311874017119407654e-03
1.280377036891877651e-03
1.296483678743243217e-03
1.293137087486684322e-03
1.281061791814863682e-03
1.292410655878484249e-03
1.301386277191340923e-03
1.312987995333969593e-03
1.327288919128477573e-03
1.305661280639469624e-03
1.281150034628808498e-03
1.274003647267818451e-03
1.269302098080515862e-03
1.284269033931195736e-03
1.286699785850942135e-03
1.281053875572979450e-03
1.365091186016798019e-03
1.336364890448749065e-03
1.364000258035957813e-03
1.310279592871665955e-03
1.293937209993600845e-03
1.313829445280134678e-03
1.383599010296165943e-03
1.313473447225987911e-03
1.292647444643080235e-03
1.276894123293459415e-03
1.294396002776920795e-03
1.291404361836612225e-03
1.359142013825476170e-03
1.380959991365671158e-03
1.333105028606951237e-03
1.369374454952776432e-03
1.342109753750264645e-03
1.421286258846521378e-03
1.400280627422034740e-03
1.417186111211776733e-03
1.398827531374990940e-03
1.331028179265558720e-03
1.369001343846321106e-03
1.366615877486765385e-03
1.330662518739700317e-03
1.379538676701486111e-03
1.304802368395030499e-03
1.301220967434346676e-03
1.285560079850256443e-03
1.287340768612921238e-03
1.277892617508769035e-03
1.338442438282072544e-03
1.317600370384752750e-03
1.288305385969579220e-03
1.284261350519955158e-03
1.259158598259091377e-03
1.292034634388983250e-03
1.299650524742901325e-03
1.286832033656537533e-03
1.301157637499272823e-03
1.287613064050674438e-03
1.279081101529300213e-03
1.314009889028966427e-03
1.274749054573476315e-03
1.282782177440822124e-03
1.266718376427888870e-03
1.252096961252391338e-03
1.278425799682736397e-03
1.297811861149966717e-03
1.294359448365867138e-03
1.270683598704636097e-03
1.259978511370718479e-03
1.246382482349872589e-03
1.269440748728811741e-03
1.253118971362709999e-03
1.261589000932872295e-03
1.324428361840546131e-03
1.300809555687010288e-03
1.344043179415166378e-03
1.299795461818575859e-03
1.375177525915205479e-03
1.292522647418081760e-03
1.277728937566280365e-03
1.272231689654290676e-03
1.254699542187154293e-03
1.257320051081478596e-03
1.244911109097301960e-03
1.243661972694098949e-03
1.236063428223133087e-03
1.234420225955545902e-03
1.247713575139641762e-03
1.264405087567865849e-03
1.266171690076589584e-03
1.285160542465746403e-03
1.330817700363695621e-03
1.298184623010456562e-03
1.295977970585227013e-03
1.274800975807011127e-03
1.257546246051788330e-03
1.254220609553158283e-03
1.248960499651730061e-03
1.351805520243942738e-03
1.332648680545389652e-03
1.409394666552543640e-03
1.495813601650297642e-03
1.367886899970471859e-03
1.390813384205102921e-03
1.315036322921514511e-03
1.295779948122799397e-03
1.294767833314836025e-03
1.249960507266223431e-03
1.238209195435047150e-03
1.247952692210674286e-03
1.241529942490160465e-03
1.259997370652854443e-03
1.261127064935863018e-03
1.266761333681643009e-03
1.270267646759748459e-03
1.241618650965392590e-03
1.267543644644320011e-03
1.296439906582236290e-03
1.260059769265353680e-03
1.249106717295944691e-03
1.295363763347268105e-03
1.295318128541111946e-03
1.335779204964637756e-03
1.297677867114543915e-03
1.341388910077512264e-03
1.285839243791997433e-03
1.298482995480298996e-03
1.277756527997553349e-03
1.256004092283546925e-03
1.294556539505720139e-03
1.238925266079604626e-03
1.242193742655217648e-03
1.269312226213514805e-03
1.297697424888610840e-03
1.354176201857626438e-03
1.242236583493649960e-03
1.242766738869249821e-03
1.250524423085153103e-03
1.255640527233481407e-03
1.238047261722385883e-03
1.240053214132785797e-03
1.287681632675230503e-03
1.250404980964958668e-03
1.275646151043474674e-03
1.247728709131479263e-03
1.251387060619890690e-03
1.226916327141225338e-03
1.213508774526417255e-03
1.236362964846193790e-03
1.224895822815597057e-03
1.263765501789748669e-03
1.280856202356517315e-03
1.295990194194018841e-03
1.319424598477780819e-03
1.388988341204822063e-03
1.293379464186728001e-03
1.273882226087152958e-03
1.372680999338626862e-03
1.355016604065895081e-03
1.296322676353156567e-03
1.236216514371335506e-03
1.235699048265814781e-03
1.230143941938877106e-03
1.208383473567664623e-03
1.226713182404637337e-03
1.256740768440067768e-03
1.224823412485420704e-03
1.256132614798843861e-03
1.237117568962275982e-03
1.239966717548668385e-03
1.245272462256252766e-03
1.253111055120825768e-03
1.254553440958261490e-03
1.232814043760299683e-03
1.220220583491027355e-03
1.262597157619893551e-03
1.219898113049566746e-03
1.226312946528196335e-03
1.265277969650924206e-03
1.235932577401399612e-03
1.253174501471221447e-03
1.230550580658018589e-03
1.213370822370052338e-03
1.200930099003016949e-03
1.205918029882013798e-03
1.198493875563144684e-03
1.208368339575827122e-03
1.221385668031871319e-03
1.230708090588450432e-03
1.234189141541719437e-03
1.223390805535018444e-03
1.207302091643214226e-03
1.277082017622888088e-03
1.256985473446547985e-03
1.218551187776029110e-03
1.232496346347033978e-03
1.230127993039786816e-03
1.205603941343724728e-03
1.222501508891582489e-03
1.235971692949533463e-03
1.280597294680774212e-03
1.223163912072777748e-03
1.261647674255073071e-03
1.249142340384423733e-03
1.223100931383669376e-03
1.255351467989385128e-03
1.297973096370697021e-03
1.364286406897008419e-03
1.279416144825518131e-03
1.289198058657348156e-03
1.292457454837858677e-03
1.210665213875472546e-03
1.238876371644437313e-03
1.212776754982769489e-03
1.211885712109506130e-03
1.213951385580003262e-03
1.235990668646991253e-03
1.248445012606680393e-03
1.238500582985579967e-03
1.225679530762135983e-03
1.199038815684616566e-03
1.196605619043111801e-03
1.238697674125432968e-03
1.194109558127820492e-03
1.187692396342754364e-03
1.214659423567354679e-03
1.266060047782957554e-03
1.256579649634659290e-03
1.229883520863950253e-03
1.208291738294064999e-03
1.207459368743002415e-03
1.227517961524426937e-03
1.194522250443696976e-03
1.189314643852412701e-03
1.183633110485970974e-03
1.195991295389831066e-03
1.183226704597473145e-03
1.188493799418210983e-03
1.174728502519428730e-03
1.191085320897400379e-03
1.204924774356186390e-03
1.186652458272874355e-03
1.191847492009401321e-03
1.226766151376068592e-03
1.222058315761387348e-03
1.220969948917627335e-03
1.242182101123034954e-03
1.223281840793788433e-03
1.243193517439067364e-03
1.197256729938089848e-03
1.193048548884689808e-03
1.202095882035791874e-03
1.257021562196314335e-03
1.260195160284638405e-03
1.197440898977220058e-03
1.200825674459338188e-03
1.211248338222503662e-03
1.199663151055574417e-03
1.284316298551857471e-03
1.198060694150626659e-03
1.251521520316600800e-03
1.239788834936916828e-03
1.183655112981796265e-03
1.209710608236491680e-03
1.176043064333498478e-03
1.176920603029429913e-03
1.163349137641489506e-03
1.169840688817203045e-03
1.170459669083356857e-03
1.191613613627851009e-03
1.190322451293468475e-03
1.180405262857675552e-03
1.180528081022202969e-03
1.165334950201213360e-03
1.176315476186573505e-03
1.176015008240938187e-03
1.169049181044101715e-03
1.179242623038589954e-03
1.207402558065950871e-03
1.188464229926466942e-03
1.206816174089908600e-03
1.241661142557859421e-03
1.196334837004542351e-03
1.196655677631497383e-03
1.198049518279731274e-03
1.176408957690000534e-03
1.174566219560801983e-03
1.188663300126791000e-03
1.214057090692222118e-03
1.174649340100586414e-03
1.167064066976308823e-03
1.176222576759755611e-03
1.172394840978085995e-03
1.181638566777110100e-03
1.226103631779551506e-03
1.376686501316726208e-03
1.275947899557650089e-03
1.231622067280113697e-03
1.194489304907619953e-03
1.206641201861202717e-03
1.227181055583059788e-03
1.206781133078038692e-03
1.199216232635080814e-03
1.258898410014808178e-03
1.259516924619674683e-03
1.268613501451909542e-03
1.264893100596964359e-03
1.242954633198678493e-03
1.237853895872831345e-03
1.202005078084766865e-03
1.219607656821608543e-03
1.182951149530708790e-03
1.205862849019467831e-03
1.191867981106042862e-03
1.171848620288074017e-03
1.176427933387458324e-03
1.175153418444097042e-03
1.187090761959552765e-03
1.173689146526157856e-03
1.224444131366908550e-03
1.216667820699512959e-03
1.196986879222095013e-03
1.168510993011295795e-03
1.162526081316173077e-03
1.163970795460045338e-03
1.158205908723175526e-03
1.200705883093178272e-03
1.158994738943874836e-03
1.212427509017288685e-03
1.192975207231938839e-03
1.160155283287167549e-03
1.194629236124455929e-03
1.182963722385466099e-03
1.192484865896403790e-03
1.185325905680656433e-03
1.180657302029430866e-03
1.185020781122148037e-03
1.159021863713860512e-03
1.156627666205167770e-03
1.162159605883061886e-03
1.193958451040089130e-03
1.160811749286949635e-03
1.157771213911473751e-03
1.171890762634575367e-03
1.247024163603782654e-03
1.221857382915914059e-03
1.264723832719027996e-03
1.245034043677151203e-03
1.220642239786684513e-03
1.191250630654394627e-03
1.204018597491085529e-03
1.266130479052662849e-03
1.261813216842710972e-03
1.232394133694469929e-03
1.204803935252130032e-03
1.190731301903724670e-03
1.232208102010190487e-03
1.180493272840976715e-03
1.180492923595011234e-03
1.189459115266799927e-03
1.279546762816607952e-03
1.229126006364822388e-03
1.218802761286497116e-03
1.183332409709692001e-03
1.213257084600627422e-03
1.236796029843389988e-03
1.212181290611624718e-03
1.172405201941728592e-03
1.199975842610001564e-03
1.194802694953978062e-03
1.161707565188407898e-03
1.152746728621423244e-03
1.177118509076535702e-03
1.147510018199682236e-03
1.185749191790819168e-03
1.155335921794176102e-03
1.175829209387302399e-03
1.168545917607843876e-03
1.151414238847792149e-03
1.192060415633022785e-03
1.167324604466557503e-03
1.164033659733831882e-03
1.226580236107110977e-03
1.233464456163346767e-03
1.221158890984952450e-03
1.195279532112181187e-03
1.243041711859405041e-03
1.183645683340728283e-03
1.165392925031483173e-03
1.175738638266921043e-03
1.144494977779686451e-03
1.159210572950541973e-03
1.198379788547754288e-03
1.169410184957087040e-03
1.158131868578493595e-03
1.138789462856948376e-03
1.149129937402904034e-03
1.147356233559548855e-03
1.141679356805980206e-03
1.172867720015347004e-03
1.141435815952718258e-03
1.165403169579803944e-03
1.152673619799315929e-03
1.166267669759690762e-03
1.165820169262588024e-03
1.138700754381716251e-03
