1.874845027923583984e+00
5.386528396606445312e+01
2.900542020797729492e-01
3.937628269195556641e-01
5.259623005986213684e-02
3.281990066170692444e-02
2.898170053958892822e-02
2.797386981546878815e-02
2.488706074655056000e-02
3.187266364693641663e-02
2.309005521237850189e-02
1.536438334733247757e-02
2.544416347518563271e-03
9.482095390558242798e-02
2.451268723234534264e-03
1.396231353282928467e-03
1.306275743991136551e-02
1.367918332107365131e-03
1.322173397056758404e-03
1.300853211432695389e-03
1.281391247175633907e-03
9.497324936091899872e-04
4.523272218648344278e-04
4.522267263382673264e-04
3.718041989486664534e-04
3.970724937971681356e-04
3.331365005578845739e-04
3.182197397109121084e-04
3.889442887157201767e-04
3.157298488076776266e-04
3.105686919298022985e-04
3.098181623499840498e-04
3.061619063373655081e-04
3.036175912711769342e-04
3.109359822701662779e-04
3.028272185474634171e-04
3.027125494554638863e-04
3.027001512236893177e-04
3.026158956345170736e-04
3.025257901754230261e-04
3.024963370990008116e-04
3.024448233190923929e-04
3.022912424057722092e-04
3.017210401594638824e-04
2.998673880938440561e-04
3.113722195848822594e-04
2.995290269609540701e-04
2.963643928524106741e-04
2.961634891107678413e-04
2.938701072707772255e-04
2.933284558821469545e-04
2.964615414384752512e-04
2.932649804279208183e-04
2.931470226030796766e-04
2.936223754659295082e-04
2.931168419308960438e-04
2.930314221885055304e-04
2.928968460764735937e-04
2.928968460764735937e-04
2.924346772488206625e-04
2.908147580455988646e-04
2.874174097087234259e-04
2.874119963962584734e-04
2.862162946257740259e-04
2.861650718841701746e-04
2.854029007721692324e-04
2.853184705600142479e-04
2.852398029062896967e-04
2.849944867193698883e-04
2.849134616553783417e-04
2.850572636816650629e-04
2.848758886102586985e-04
2.848189033102244139e-04
2.852611069101840258e-04
2.848150325007736683e-04
2.848067379090934992e-04
2.848304866347461939e-04
2.848045842256397009e-04
2.847827272489666939e-04
2.847129362635314465e-04
2.847800205927342176e-04
2.846548741217702627e-04
2.845268754754215479e-04
2.847586874850094318e-04
2.844679693225771189e-04
2.844906703103333712e-04
2.842907560989260674e-04
2.841887471731752157e-04
2.848285075742751360e-04
2.841833047568798065e-04
2.837700303643941879e-04
2.844342379830777645e-04
2.835018967743963003e-04
2.832398458849638700e-04
2.882313274312764406e-04
2.832374593708664179e-04
2.831841702573001385e-04
2.839765511453151703e-04
2.831840829458087683e-04
2.831700257956981659e-04
2.833065227605402470e-04
2.831696765497326851e-04
2.866246213670819998e-04
2.832841419149190187e-04
2.831682504620403051e-04
2.832793688867241144e-04
2.831667370628565550e-04
2.831617312040179968e-04
2.832030586432665586e-04
2.831613819580525160e-04
2.831585006788372993e-04
2.831511083059012890e-04
2.832231693901121616e-04
2.831500023603439331e-04
2.831286110449582338e-04
2.830543089658021927e-04
2.829095174092799425e-04
2.829061413649469614e-04
2.828440919984132051e-04
2.828337892424315214e-04
2.827341377269476652e-04
2.827327407430857420e-04
2.827339631039649248e-04
2.826952550094574690e-04
2.826687414199113846e-04
2.827817515935748816e-04
2.826645795721560717e-04
2.826550917234271765e-04
2.826549171004444361e-04
2.826500567607581615e-04
2.826486888807266951e-04
2.826467680279165506e-04
2.826481650117784739e-04
2.826456620823591948e-04
2.826433628797531128e-04
2.826449053827673197e-04
2.826418785843998194e-04
2.826391428243368864e-04
2.826394338626414537e-04
2.826367854140698910e-04
2.826310810633003712e-04
2.826240088324993849e-04
2.826237177941948175e-04
2.826085546985268593e-04
2.826082636602222919e-04
2.825974952429533005e-04
2.825928677339106798e-04
2.825924893841147423e-04
2.825885603670030832e-04
2.826326817739754915e-04
2.825885021593421698e-04
2.825813426170498133e-04
2.825592819135636091e-04
2.826010750140994787e-04
2.825449628289788961e-04
2.825144038069993258e-04
2.825619594659656286e-04
2.825026167556643486e-04
2.826787240337580442e-04
2.824673138093203306e-04
2.824098046403378248e-04
2.824582334142178297e-04
2.823729591909796000e-04
2.822820388246327639e-04
2.825649862643331289e-04
2.822607930283993483e-04
2.830178709700703621e-04
2.822502574417740107e-04
2.822142268996685743e-04
2.828620781656354666e-04
2.822142268996685743e-04
2.821905363816767931e-04
2.822820097208023071e-04
2.821845118887722492e-04
2.854102931451052427e-04
2.821832604240626097e-04
2.821726957336068153e-04
2.822589885909110308e-04
2.821716770995408297e-04
2.821678936015814543e-04
2.821982780005782843e-04
2.821676025632768869e-04
2.821666421368718147e-04
2.821672533173114061e-04
2.821661473717540503e-04
2.821652160491794348e-04
2.821664966177195311e-04
2.821647794917225838e-04
2.821641974151134491e-04
2.821658563334494829e-04
2.821640518959611654e-04
2.821637317538261414e-04
2.821639645844697952e-04
2.821635280270129442e-04
2.821629168465733528e-04
2.821615198627114296e-04
2.821778180077672005e-04
2.821610542014241219e-04
2.821588714141398668e-04
2.822267124429345131e-04
2.821588714141398668e-04
2.821584930643439293e-04
2.821581147145479918e-04
2.821573580149561167e-04
2.821568341460078955e-04
2.821566013153642416e-04
2.821555826812982559e-04
2.821547677740454674e-04
2.821545058395713568e-04
2.821575035341084003e-04
2.821538655553013086e-04
2.821987436618655920e-04
2.821520029101520777e-04
2.821481321007013321e-04
2.822289243340492249e-04
2.821477537509053946e-04
2.821435919031500816e-04
2.821422240231186152e-04
2.821600355673581362e-04
2.821379748638719320e-04
2.821398957166820765e-04
2.821340458467602730e-04
2.821323287207633257e-04
2.821323578245937824e-04
2.821311645675450563e-04
2.821297384798526764e-04
2.821295929607003927e-04
2.821215603034943342e-04
2.822712121997028589e-04
2.821210946422070265e-04
2.821187954396009445e-04
2.821476955432444811e-04
2.821187954396009445e-04
2.821180096361786127e-04
2.821188827510923147e-04
2.821176021825522184e-04
2.821154484990984201e-04
2.821375092025846243e-04
2.821150992531329393e-04
2.821128582581877708e-04
2.821598027367144823e-04
2.821127709466964006e-04
2.821098023559898138e-04
2.821456582751125097e-04
2.821096277330070734e-04
2.821087837219238281e-04
2.821318630594760180e-04
2.821088128257542849e-04
2.821082889568060637e-04
2.821116067934781313e-04
2.821082307491451502e-04
2.821075904648751020e-04
2.821057569235563278e-04
2.821652451530098915e-04
2.821055823005735874e-04
2.821022935677319765e-04
2.822012174874544144e-04
2.821022353600710630e-04
2.821000816766172647e-04
2.821000234689563513e-04
2.820976078510284424e-04
2.820975205395370722e-04
2.820955996867269278e-04
2.821109956130385399e-04
2.820954250637441874e-04
2.821086673066020012e-04
2.820950176101177931e-04
2.820942609105259180e-04
2.820940280798822641e-04
2.820922818500548601e-04
2.821347152348607779e-04
2.820921654347330332e-04
2.820906520355492830e-04
2.821038651745766401e-04
2.820905065163969994e-04
2.820890804287046194e-04
2.820920199155807495e-04
2.820883237291127443e-04
2.820863155648112297e-04
2.820857625920325518e-04
2.820900408551096916e-04
2.820855297613888979e-04
2.820847730617970228e-04
2.820998197421431541e-04
2.820847730617970228e-04
2.820841909851878881e-04
2.820836089085787535e-04
2.820834924932569265e-04
2.820826193783432245e-04
2.820823865476995707e-04
2.820813970174640417e-04
2.820814261212944984e-04
2.820807276293635368e-04
2.820902445819228888e-04
2.820807276293635368e-04
2.820804947987198830e-04
2.820828813128173351e-04
2.820804656948894262e-04
2.820803783833980560e-04
2.820804074872285128e-04
2.820803492795675993e-04
2.820802910719066858e-04
2.820802910719066858e-04
2.820801746565848589e-04
2.820800000336021185e-04
2.820861118379980326e-04
2.820800000336021185e-04
2.820799127221107483e-04
2.820811641868203878e-04
2.820798836182802916e-04
2.820797963067889214e-04
2.820797963067889214e-04
2.820796798914670944e-04
2.820837544277310371e-04
2.820796798914670944e-04
2.820795343723148108e-04
2.820852969307452440e-04
2.820795343723148108e-04
2.820792142301797867e-04
2.820828231051564217e-04
2.820791851263493299e-04
2.820788358803838491e-04
2.820800291374325752e-04
2.820787194650620222e-04
2.821100351866334677e-04
2.820786030497401953e-04
2.820932131726294756e-04
2.820790978148579597e-04
2.820783411152660847e-04
2.820853551384061575e-04
2.820781955961138010e-04
2.820782246999442577e-04
2.820778463501483202e-04
2.820775844156742096e-04
2.820822701323777437e-04
2.820775553118437529e-04
2.820774971041828394e-04
2.820774680003523827e-04
2.820774388965219259e-04
2.820775553118437529e-04
2.820774388965219259e-04
2.820772933773696423e-04
2.820772642735391855e-04
2.820772060658782721e-04
2.820774680003523827e-04
2.820771478582173586e-04
2.820771187543869019e-04
2.820779045578092337e-04
2.820771187543869019e-04
2.820770896505564451e-04
2.820770605467259884e-04
2.820770605467259884e-04
2.820769732352346182e-04
2.820768568199127913e-04
2.820768568199127913e-04
2.820765366777777672e-04
2.820770605467259884e-04
2.820763620547950268e-04
2.841698878910392523e-04
2.820763620547950268e-04
2.820761874318122864e-04
2.820757508743554354e-04
2.820793015416711569e-04
2.820756635628640652e-04
2.820754889398813248e-04
2.820754598360508680e-04
2.820754307322204113e-04
2.820754016283899546e-04
2.820753725245594978e-04
2.820754598360508680e-04
2.820754016283899546e-04
