1.877296090126037598e+00
8.502791523933410645e-01
4.047465324401855469e-01
3.150117695331573486e-01
2.748354375362396240e-01
2.231387346982955933e-01
1.933506727218627930e-01
1.416692882776260376e-01
1.482712030410766602e-01
1.053695455193519592e-01
8.809224516153335571e-02
7.754179090261459351e-02
6.820157915353775024e-02
6.085768342018127441e-02
5.706913396716117859e-02
5.433121323585510254e-02
5.255328118801116943e-02
5.065855383872985840e-02
4.858050867915153503e-02
4.726229235529899597e-02
4.618714749813079834e-02
4.523951187729835510e-02
4.420718550682067871e-02
4.405869543552398682e-02
4.469067975878715515e-02
4.329495504498481750e-02
4.221090674400329590e-02
4.167063534259796143e-02
4.138843342661857605e-02
4.069240018725395203e-02
4.031929373741149902e-02
3.987257182598114014e-02
3.944526985287666321e-02
3.995031118392944336e-02
3.946219012141227722e-02
3.938585892319679260e-02
3.865859284996986389e-02
3.928771615028381348e-02
4.035644605755805969e-02
4.038907960057258606e-02
3.907403349876403809e-02
3.883393853902816772e-02
3.758468851447105408e-02
3.735229745507240295e-02
3.905912861227989197e-02
3.724665939807891846e-02
3.498524799942970276e-02
3.365384414792060852e-02
3.293507918715476990e-02
3.259797766804695129e-02
3.511550277471542358e-02
3.411238268017768860e-02
3.499534726142883301e-02
3.660563006997108459e-02
4.070331528782844543e-02
3.941723331809043884e-02
3.940280899405479431e-02
3.845824673771858215e-02
3.396796062588691711e-02
3.388291597366333008e-02
3.490875288844108582e-02
3.128818422555923462e-02
3.240846842527389526e-02
3.114981018006801605e-02
3.114937245845794678e-02
3.007251769304275513e-02
3.016639314591884613e-02
3.406583517789840698e-02
2.912089787423610687e-02
3.645286336541175842e-02
4.484989866614341736e-02
3.459170833230018616e-02
3.200052678585052490e-02
3.452124074101448059e-02
3.225034847855567932e-02
2.682450413703918457e-02
2.636169642210006714e-02
2.633597515523433685e-02
2.561108767986297607e-02
2.548566646873950958e-02
2.651329152286052704e-02
2.670943550765514374e-02
2.635562419891357422e-02
2.602088451385498047e-02
2.501207031309604645e-02
2.494890242815017700e-02
2.606809698045253754e-02
2.626157365739345551e-02
2.507512085139751434e-02
2.726967073976993561e-02
2.587506920099258423e-02
2.624774910509586334e-02
2.550177834928035736e-02
2.668401598930358887e-02
2.445766888558864594e-02
2.634856849908828735e-02
2.418713457882404327e-02
2.602770738303661346e-02
2.674254775047302246e-02
2.606837451457977295e-02
2.520833350718021393e-02
2.587554790079593658e-02
2.904195897281169891e-02
3.662864863872528076e-02
4.420934617519378662e-02
3.656293824315071106e-02
3.784794360399246216e-02
3.500140458345413208e-02
2.818687818944454193e-02
2.928724884986877441e-02
3.039722703397274017e-02
2.671861648559570312e-02
2.629866264760494232e-02
2.700587548315525055e-02
2.528968453407287598e-02
2.542600221931934357e-02
2.549408376216888428e-02
2.413983084261417389e-02
2.338357269763946533e-02
2.615819126367568970e-02
2.674894779920578003e-02
2.584904618561267853e-02
2.529221773147583008e-02
2.326797880232334137e-02
2.534596621990203857e-02
2.382787875831127167e-02
2.654047310352325439e-02
2.371779270470142365e-02
2.560936659574508667e-02
2.512383647263050079e-02
2.496682852506637573e-02
2.415177226066589355e-02
2.482231520116329193e-02
2.274731732904911041e-02
2.508801780641078949e-02
2.480578981339931488e-02
2.448656223714351654e-02
2.464625053107738495e-02
2.592483162879943848e-02
2.435854263603687286e-02
2.321267873048782349e-02
2.469510398805141449e-02
2.548135258257389069e-02
2.502721548080444336e-02
2.463182061910629272e-02
2.506283856928348541e-02
2.516351640224456787e-02
3.186162933707237244e-02
3.930452838540077209e-02
3.956062719225883484e-02
4.532225430011749268e-02
3.217467293143272400e-02
2.572304755449295044e-02
3.418739140033721924e-02
4.142966866493225098e-02
2.977431751787662506e-02
3.489786013960838318e-02
3.620913252234458923e-02
3.245080634951591492e-02
3.018976561725139618e-02
2.890290878713130951e-02
3.800144046545028687e-02
3.623462095856666565e-02
3.919136896729469299e-02
3.181301429867744446e-02
2.793838642537593842e-02
2.727184630930423737e-02
2.922378294169902802e-02
3.781528398394584656e-02
5.093152448534965515e-02
3.616595640778541565e-02
3.699292615056037903e-02
2.967931888997554779e-02
2.882480807602405548e-02
3.177431598305702209e-02
3.254208713769912720e-02
2.952882088720798492e-02
2.918692864477634430e-02
3.112862445414066315e-02
3.529211506247520447e-02
4.369314014911651611e-02
3.990178182721138000e-02
3.845864906907081604e-02
3.159772232174873352e-02
2.648232132196426392e-02
2.561433054506778717e-02
2.603648789227008820e-02
2.548682689666748047e-02
2.315839193761348724e-02
2.249406091868877411e-02
2.212885953485965729e-02
2.297750301659107208e-02
2.263464033603668213e-02
2.242498286068439484e-02
2.394960261881351471e-02
2.370101958513259888e-02
2.330997027456760406e-02
3.013861738145351410e-02
3.252928331494331360e-02
2.779319882392883301e-02
2.478812634944915771e-02
2.403387427330017090e-02
2.385118044912815094e-02
2.474435977637767792e-02
2.410826645791530609e-02
2.666813135147094727e-02
3.629580140113830566e-02
3.231671825051307678e-02
2.445225231349468231e-02
2.610970474779605865e-02
2.652206085622310638e-02
2.290684916079044342e-02
2.323534525930881500e-02
2.522703446447849274e-02
2.653575502336025238e-02
2.426248043775558472e-02
2.315852604806423187e-02
2.196369506418704987e-02
2.280943095684051514e-02
2.264197356998920441e-02
2.335792593657970428e-02
2.527022920548915863e-02
2.208460308611392975e-02
2.278793789446353912e-02
2.276037633419036865e-02
2.359770424664020538e-02
2.200196869671344757e-02
2.567512728273868561e-02
2.607958763837814331e-02
2.402575127780437469e-02
2.721299231052398682e-02
2.350704371929168701e-02
2.339854277670383453e-02
2.335088513791561127e-02
2.296917326748371124e-02
2.607504092156887054e-02
2.364150248467922211e-02
2.579174004495143890e-02
2.569685317575931549e-02
2.437218092381954193e-02
2.673661150038242340e-02
2.622810937464237213e-02
2.284090034663677216e-02
2.566266991198062897e-02
2.329686470329761505e-02
2.211806736886501312e-02
2.193400077521800995e-02
2.293973229825496674e-02
2.467803657054901123e-02
2.378614805638790131e-02
2.698206901550292969e-02
2.539557218551635742e-02
2.606614120304584503e-02
2.744164131581783295e-02
2.328232116997241974e-02
2.219087444245815277e-02
2.410206198692321777e-02
2.466774545609951019e-02
2.649124152958393097e-02
2.435659058392047882e-02
2.806007303297519684e-02
3.378447145223617554e-02
3.627976402640342712e-02
3.654756769537925720e-02
4.438631609082221985e-02
3.845136985182762146e-02
3.898660466074943542e-02
3.371388092637062073e-02
2.870653010904788971e-02
2.517212182283401489e-02
2.392289973795413971e-02
2.365734986960887909e-02
2.369222790002822876e-02
2.370095252990722656e-02
2.402684651315212250e-02
2.297319285571575165e-02
2.641188167035579681e-02
3.069913946092128754e-02
3.417318686842918396e-02
4.430639743804931641e-02
3.650471195578575134e-02
3.081631101667881012e-02
3.201646730303764343e-02
2.449410594999790192e-02
2.553836442530155182e-02
3.287741541862487793e-02
3.695223107933998108e-02
3.475153073668479919e-02
4.290018975734710693e-02
3.280641511082649231e-02
2.748033404350280762e-02
2.998396754264831543e-02
2.691840380430221558e-02
2.615332044661045074e-02
2.872093580663204193e-02
2.914373017847537994e-02
2.439645864069461823e-02
2.156823873519897461e-02
2.150660753250122070e-02
2.171379514038562775e-02
2.128829061985015869e-02
2.207493223249912262e-02
2.113175950944423676e-02
2.097674272954463959e-02
2.109530568122863770e-02
2.253953553736209869e-02
2.250120602548122406e-02
2.093748748302459717e-02
2.244148217141628265e-02
2.155818045139312744e-02
2.171959169209003448e-02
2.181068062782287598e-02
2.148833312094211578e-02
2.253968827426433563e-02
2.236897498369216919e-02
2.130586653947830200e-02
2.119740657508373260e-02
2.199028618633747101e-02
2.199500799179077148e-02
2.155554853379726410e-02
2.188162319362163544e-02
2.157465368509292603e-02
2.257100678980350494e-02
2.165236137807369232e-02
2.558036148548126221e-02
2.998550795018672943e-02
3.123897872865200043e-02
4.188378155231475830e-02
4.162408038973808289e-02
5.363086983561515808e-02
5.792961642146110535e-02
4.720544815063476562e-02
3.872321918606758118e-02
2.922617457807064056e-02
3.042757324874401093e-02
3.051568567752838135e-02
2.635902166366577148e-02
2.267521806061267853e-02
2.429101802408695221e-02
2.274068258702754974e-02
2.528814412653446198e-02
2.983378618955612183e-02
3.242418169975280762e-02
3.720745816826820374e-02
4.765025898814201355e-02
4.943827912211418152e-02
3.049234487116336823e-02
3.543756157159805298e-02
2.699656039476394653e-02
2.742749638855457306e-02
2.511561103165149689e-02
2.807109802961349487e-02
2.723672986030578613e-02
2.503029443323612213e-02
2.175564505159854889e-02
2.389376796782016754e-02
2.307351492345333099e-02
2.421114593744277954e-02
2.263895981013774872e-02
2.078656665980815887e-02
2.108578197658061981e-02
2.132882736623287201e-02
2.078258991241455078e-02
2.102526277303695679e-02
2.091066353023052216e-02
2.093824744224548340e-02
2.088822238147258759e-02
2.168713510036468506e-02
2.231229282915592194e-02
2.150886692106723785e-02
2.177824638783931732e-02
2.146820537745952606e-02
2.138267643749713898e-02
2.175874076783657074e-02
2.528194524347782135e-02
2.899762988090515137e-02
3.152344748377799988e-02
2.633602917194366455e-02
2.865822054445743561e-02
2.929949946701526642e-02
2.610502950847148895e-02
2.276352979242801666e-02
2.157837152481079102e-02
2.428508363664150238e-02
2.969249524176120758e-02
3.003871999680995941e-02
2.682227082550525665e-02
2.664521336555480957e-02
2.757979929447174072e-02
2.526389993727207184e-02
2.284883894026279449e-02
2.241670526564121246e-02
2.412158250808715820e-02
2.322901785373687744e-02
2.098113857209682465e-02
2.127211540937423706e-02
2.052881196141242981e-02
2.162726037204265594e-02
2.348596788942813873e-02
2.165696024894714355e-02
2.329212613403797150e-02
2.137200720608234406e-02
2.090813405811786652e-02
2.174975536763668060e-02
2.527950890362262726e-02
2.490929327905178070e-02
2.193786203861236572e-02
2.294760942459106445e-02
2.098646946251392365e-02
2.290633507072925568e-02
2.112721465528011322e-02
2.045647054910659790e-02
2.073513530194759369e-02
2.067877911031246185e-02
2.124887891113758087e-02
2.260765992105007172e-02
2.985465712845325470e-02
3.229358792304992676e-02
2.964857779443264008e-02
2.895677089691162109e-02
2.670733444392681122e-02
3.422607854008674622e-02
2.498648129403591156e-02
2.358680404722690582e-02
2.480014599859714508e-02
2.978484146296977997e-02
3.172014653682708740e-02
3.494283184409141541e-02
4.572655633091926575e-02
5.173407122492790222e-02
4.777732118964195251e-02
4.183133319020271301e-02
4.495005309581756592e-02
5.199529603123664856e-02
3.714498504996299744e-02
3.731450811028480530e-02
2.877486683428287506e-02
2.947637625038623810e-02
2.546734549105167389e-02
2.304623462259769440e-02
2.340588159859180450e-02
2.333518303930759430e-02
2.287512458860874176e-02
2.226454019546508789e-02
2.233042754232883453e-02
2.307039499282836914e-02
2.425697445869445801e-02
2.609672211110591888e-02
2.647989429533481598e-02
2.463850192725658417e-02
2.527078427374362946e-02
2.653614617884159088e-02
2.692662924528121948e-02
2.623698115348815918e-02
2.939257584512233734e-02
2.753379195928573608e-02
2.348329685628414154e-02
2.170787192881107330e-02
2.099961601197719574e-02
2.068229392170906067e-02
2.078186906874179840e-02
2.061942964792251587e-02
2.087263017892837524e-02
2.121109701693058014e-02
2.174076437950134277e-02
2.078345417976379395e-02
2.073070406913757324e-02
2.094326727092266083e-02
2.030079066753387451e-02
2.090953849256038666e-02
2.154498547315597534e-02
2.127625606954097748e-02
2.138208411633968353e-02
2.066223323345184326e-02
2.118124067783355713e-02
2.099720388650894165e-02
2.095828950405120850e-02
2.165491692721843719e-02
2.471354417502880096e-02
2.644299902021884918e-02
3.053944744169712067e-02
3.871303796768188477e-02
3.354660049080848694e-02
3.063727356493473053e-02
2.799890004098415375e-02
2.320321463048458099e-02
2.302340976893901825e-02
2.363968826830387115e-02
2.081334218382835388e-02
2.027383260428905487e-02
2.053104899823665619e-02
2.030429244041442871e-02
2.076398395001888275e-02
2.220373600721359253e-02
2.163047529757022858e-02
2.199783362448215485e-02
2.185893058776855469e-02
2.143310569226741791e-02
2.130147814750671387e-02
2.158642373979091644e-02
2.201242558658123016e-02
2.372121624648571014e-02
2.416750788688659668e-02
2.795737050473690033e-02
2.948407642543315887e-02
2.388813346624374390e-02
2.242293953895568848e-02
2.125550620257854462e-02
2.108298800885677338e-02
2.284046448767185211e-02
2.168210782110691071e-02
2.243475615978240967e-02
2.070126496255397797e-02
2.032564021646976471e-02
2.099695987999439240e-02
2.018725313246250153e-02
2.090900205075740814e-02
2.147924154996871948e-02
2.185290306806564331e-02
2.163946442306041718e-02
2.288322150707244873e-02
2.336833439767360687e-02
2.195168472826480865e-02
2.357951365411281586e-02
2.327307127416133881e-02
2.247981540858745575e-02
2.134585939347743988e-02
2.186466008424758911e-02
2.277856133878231049e-02
2.370756119489669800e-02
2.163536287844181061e-02
2.127998322248458862e-02
2.132039517164230347e-02
2.024064399302005768e-02
2.110516093671321869e-02
2.156322263181209564e-02
2.097458392381668091e-02
2.122528292238712311e-02
2.089668996632099152e-02
2.047155797481536865e-02
2.022161334753036499e-02
2.018160931766033173e-02
2.061447314918041229e-02
2.044763229787349701e-02
2.114085108041763306e-02
2.173426188528537750e-02
2.195642143487930298e-02
2.164989896118640900e-02
2.128759585320949554e-02
2.192179858684539795e-02
2.040237560868263245e-02
2.125581540167331696e-02
2.200667001307010651e-02
2.192735113203525543e-02
2.199316956102848053e-02
2.046437002718448639e-02
2.016647346317768097e-02
2.007756941020488739e-02
2.064746990799903870e-02
2.147089876234531403e-02
2.210860513150691986e-02
2.079318650066852570e-02
2.066239528357982635e-02
2.254655770957469940e-02
2.172594703733921051e-02
2.108249068260192871e-02
2.073419094085693359e-02
2.062457054853439331e-02
2.145557105541229248e-02
2.139804512262344360e-02
2.152650989592075348e-02
2.043677307665348053e-02
2.154907397925853729e-02
2.289876155555248260e-02
2.213820070028305054e-02
2.225254662334918976e-02
2.128013409674167633e-02
2.066470310091972351e-02
2.100895531475543976e-02
2.008680813014507294e-02
2.172498591244220734e-02
2.249547652900218964e-02
2.187177352607250214e-02
2.168943919241428375e-02
2.151042781770229340e-02
2.026421576738357544e-02
2.086960338056087494e-02
2.163084596395492554e-02
2.052559144794940948e-02
2.254580147564411163e-02
2.184455655515193939e-02
2.264907956123352051e-02
2.033658139407634735e-02
2.148775756359100342e-02
2.043097093701362610e-02
2.094882540404796600e-02
2.138204686343669891e-02
2.363508939743041992e-02
2.145707607269287109e-02
2.229897677898406982e-02
2.252760343253612518e-02
2.976652421057224274e-02
3.308342024683952332e-02
2.930564619600772858e-02
2.950593270361423492e-02
2.592522837221622467e-02
2.742408774793148041e-02
3.137167915701866150e-02
3.364189341664314270e-02
3.637512400746345520e-02
3.121008537709712982e-02
2.511275373399257660e-02
2.112812548875808716e-02
2.172107063233852386e-02
2.332497574388980865e-02
2.398689091205596924e-02
2.726818621158599854e-02
2.876635640859603882e-02
2.447328157722949982e-02
2.477802149951457977e-02
2.563195489346981049e-02
2.970433793962001801e-02
2.760897018015384674e-02
2.668223343789577484e-02
3.082639537751674652e-02
2.842578291893005371e-02
2.408063597977161407e-02
2.900432981550693512e-02
2.987029589712619781e-02
2.943191863596439362e-02
2.400782704353332520e-02
2.362727187573909760e-02
2.266734093427658081e-02
2.110651694238185883e-02
2.277521230280399323e-02
2.858086675405502319e-02
2.772301994264125824e-02
2.461305446922779083e-02
2.227237261831760406e-02
2.194286882877349854e-02
2.129822969436645508e-02
2.128477394580841064e-02
2.138452976942062378e-02
2.010552026331424713e-02
2.107186056673526764e-02
2.075518853962421417e-02
2.086731605231761932e-02
2.039308287203311920e-02
2.013321034610271454e-02
2.062947116792201996e-02
2.037664316594600677e-02
1.986692659556865692e-02
2.069741673767566681e-02
2.082159370183944702e-02
2.220786176621913910e-02
2.156241983175277710e-02
2.116603218019008636e-02
2.115569077432155609e-02
2.172128856182098389e-02
2.204128354787826538e-02
2.147798426449298859e-02
2.378311008214950562e-02
2.238643169403076172e-02
2.164766751229763031e-02
2.276368252933025360e-02
2.211687900125980377e-02
2.245215326547622681e-02
2.311991155147552490e-02
2.579854615032672882e-02
2.739193104207515717e-02
2.535340003669261932e-02
2.578532136976718903e-02
2.394397370517253876e-02
2.265460602939128876e-02
2.303443290293216705e-02
2.333859354257583618e-02
2.218936383724212646e-02
2.102312631905078888e-02
2.104413509368896484e-02
2.078733406960964203e-02
2.111025899648666382e-02
2.064517699182033539e-02
2.087480388581752777e-02
2.063795365393161774e-02
2.084719948470592499e-02
2.117241919040679932e-02
2.266537584364414215e-02
2.592437714338302612e-02
3.012012504041194916e-02
2.652184665203094482e-02
2.643827162683010101e-02
2.829922549426555634e-02
2.358989976346492767e-02
2.566807158291339874e-02
3.128350898623466492e-02
2.785814739763736725e-02
3.097903728485107422e-02
3.535415604710578918e-02
2.920214086771011353e-02
2.574145235121250153e-02
2.329110354185104370e-02
2.264641225337982178e-02
2.356756478548049927e-02
2.618028782308101654e-02
3.106831200420856476e-02
3.089191764593124390e-02
3.166508674621582031e-02
2.922571636736392975e-02
2.443262748420238495e-02
2.552323043346405029e-02
2.817571163177490234e-02
2.621029131114482880e-02
2.228613942861557007e-02
2.298634685575962067e-02
2.228026092052459717e-02
2.079818025231361389e-02
2.120155096054077148e-02
2.123207040131092072e-02
2.202274836599826813e-02
2.290845662355422974e-02
2.171779610216617584e-02
2.040596492588520050e-02
2.038452215492725372e-02
2.060778997838497162e-02
2.083608321845531464e-02
2.165607362985610962e-02
2.206346206367015839e-02
2.043034695088863373e-02
2.051532082259654999e-02
2.041789330542087555e-02
2.089889906346797943e-02
2.125827036798000336e-02
2.053502760827541351e-02
1.981144957244396210e-02
2.084946632385253906e-02
2.246079407632350922e-02
2.082385681569576263e-02
2.177214063704013824e-02
2.036795951426029205e-02
2.014228887856006622e-02
2.001612819731235504e-02
2.047272957861423492e-02
2.034076675772666931e-02
2.302987314760684967e-02
2.132835984230041504e-02
2.265370450913906097e-02
2.222625352442264557e-02
2.140180766582489014e-02
2.213615179061889648e-02
2.165912091732025146e-02
2.123284153640270233e-02
1.988662965595722198e-02
2.042498812079429626e-02
2.119243703782558441e-02
2.003154903650283813e-02
2.159171737730503082e-02
2.087308280169963837e-02
2.077446877956390381e-02
2.022639662027359009e-02
2.028091996908187866e-02
2.073221094906330109e-02
2.266373671591281891e-02
2.160135097801685333e-02
2.181173674762248993e-02
2.307843603193759918e-02
2.218350209295749664e-02
2.364256978034973145e-02
2.725628577172756195e-02
2.692843973636627197e-02
2.282629907131195068e-02
2.148619852960109711e-02
2.079018950462341309e-02
2.087070234119892120e-02
2.227058447897434235e-02
2.090165205299854279e-02
2.220030315220355988e-02
2.051710337400436401e-02
2.017455548048019409e-02
2.011533640325069427e-02
2.052126638591289520e-02
2.096640132367610931e-02
2.174752205610275269e-02
2.104325406253337860e-02
2.126455120742321014e-02
2.018304355442523956e-02
1.983931474387645721e-02
2.101806737482547760e-02
2.036596089601516724e-02
1.985536888241767883e-02
2.092401683330535889e-02
2.557386271655559540e-02
2.912827394902706146e-02
2.478766441345214844e-02
2.502971328794956207e-02
2.654641307890415192e-02
2.630403637886047363e-02
2.462056279182434082e-02
2.809108980000019073e-02
2.804957330226898193e-02
3.539189323782920837e-02
3.143257275223731995e-02
3.220826759934425354e-02
2.245046384632587433e-02
2.131810225546360016e-02
2.260047011077404022e-02
2.659795433282852173e-02
2.635338902473449707e-02
2.297599613666534424e-02
2.272665314376354218e-02
2.101109363138675690e-02
2.129387296736240387e-02
2.026557177305221558e-02
2.039556019008159637e-02
2.043669484555721283e-02
2.017307467758655548e-02
1.954944990575313568e-02
1.997259818017482758e-02
1.977877505123615265e-02
1.955253072082996368e-02
1.985692046582698822e-02
1.978891901671886444e-02
2.043692022562026978e-02
2.124586142599582672e-02
1.955845952033996582e-02
1.936512626707553864e-02
2.050082758069038391e-02
2.194788120687007904e-02
3.041276894509792328e-02
2.504466474056243896e-02
2.150016278028488159e-02
2.161374501883983612e-02
2.120389975607395172e-02
2.051986753940582275e-02
2.037522196769714355e-02
1.987776346504688263e-02
2.053793333470821381e-02
2.091644890606403351e-02
2.027318254113197327e-02
2.015326730906963348e-02
2.056748233735561371e-02
2.054971642792224884e-02
2.033114433288574219e-02
2.150478027760982513e-02
2.539153955876827240e-02
2.800996601581573486e-02
3.481228277087211609e-02
3.059748746454715729e-02
3.202527388930320740e-02
3.045585192739963531e-02
2.828619629144668579e-02
2.327377349138259888e-02
2.101027034223079681e-02
2.055158466100692749e-02
2.004902251064777374e-02
2.205377258360385895e-02
2.042014896869659424e-02
2.049766294658184052e-02
2.237309515476226807e-02
2.050508558750152588e-02
2.038717456161975861e-02
1.997892931103706360e-02
2.090195566415786743e-02
2.116865105926990509e-02
2.114043571054935455e-02
1.988573186099529266e-02
2.064889110624790192e-02
2.285073883831501007e-02
2.848890423774719238e-02
2.522660791873931885e-02
2.344265766441822052e-02
2.497269213199615479e-02
2.682889066636562347e-02
2.405106462538242340e-02
2.246427536010742188e-02
2.461322210729122162e-02
2.362300455570220947e-02
2.305951714515686035e-02
2.465708553791046143e-02
3.016602993011474609e-02
2.975658141076564789e-02
3.705106675624847412e-02
3.114634752273559570e-02
3.308003395795822144e-02
2.908596210181713104e-02
2.589523047208786011e-02
2.294955216348171234e-02
2.198168635368347168e-02
2.436671219766139984e-02
2.634167671203613281e-02
2.367716468870639801e-02
2.460528351366519928e-02
2.789972163736820221e-02
2.399368397891521454e-02
2.612563781440258026e-02
2.459379099309444427e-02
2.198236994445323944e-02
2.353999763727188110e-02
2.487809956073760986e-02
2.328667603433132172e-02
2.022725529968738556e-02
2.022373117506504059e-02
2.013710699975490570e-02
2.035974152386188507e-02
2.002366632223129272e-02
2.038576640188694000e-02
1.996209286153316498e-02
1.960765756666660309e-02
2.074568159878253937e-02
2.014048770070075989e-02
2.156360261142253876e-02
2.001419104635715485e-02
2.042720466852188110e-02
2.047979086637496948e-02
1.963320560753345490e-02
1.992429606616497040e-02
1.985531859099864960e-02
1.931426860392093658e-02
1.984124816954135895e-02
2.068412303924560547e-02
2.012648992240428925e-02
2.005436830222606659e-02
2.074012346565723419e-02
2.409547753632068634e-02
3.173302859067916870e-02
2.824679948389530182e-02
2.721863985061645508e-02
2.398799546062946320e-02
2.372148819267749786e-02
2.409878931939601898e-02
2.517719566822052002e-02
2.535661496222019196e-02
2.461908198893070221e-02
2.202712558209896088e-02
2.208323776721954346e-02
2.482656203210353851e-02
2.693125046789646149e-02
2.457121014595031738e-02
2.631841041147708893e-02
2.490039356052875519e-02
2.174806408584117889e-02
2.234908379614353180e-02
2.376882731914520264e-02
2.652513235807418823e-02
2.364228852093219757e-02
2.961351536214351654e-02
2.291275002062320709e-02
2.054252289235591888e-02
2.005812339484691620e-02
1.979363895952701569e-02
2.007077820599079132e-02
1.952524296939373016e-02
1.992166787385940552e-02
1.989882253110408783e-02
1.942126825451850891e-02
1.951376534998416901e-02
1.989823393523693085e-02
1.943522877991199493e-02
1.976954936981201172e-02
2.063430845737457275e-02
2.051388286054134369e-02
1.978303492069244385e-02
2.012280188500881195e-02
2.028885297477245331e-02
1.986290514469146729e-02
2.124199829995632172e-02
2.055834978818893433e-02
2.198383212089538574e-02
2.168351411819458008e-02
2.149999141693115234e-02
2.040576376020908356e-02
2.087230235338211060e-02
2.187270112335681915e-02
2.601254731416702271e-02
2.664469927549362183e-02
2.114209346473217010e-02
2.079147286713123322e-02
2.094244398176670074e-02
2.149569243192672729e-02
2.185860089957714081e-02
2.159088850021362305e-02
2.019557915627956390e-02
2.069439180195331573e-02
2.028170973062515259e-02
1.990046165883541107e-02
2.016898803412914276e-02
1.933458447456359863e-02
1.988092996180057526e-02
1.940525881946086884e-02
1.990066282451152802e-02
1.922963000833988190e-02
1.963311433792114258e-02
2.036103047430515289e-02
1.991108618676662445e-02
2.119044959545135498e-02
1.981812901794910431e-02
2.014932222664356232e-02
1.987280882894992828e-02
1.933310180902481079e-02
1.931609399616718292e-02
2.006706967949867249e-02
