7.895013689994812012e-02
4.281852766871452332e-02
3.914788737893104553e-02
2.885412238538265228e-02
2.087057195603847504e-02
1.672219298779964447e-02
1.330892648547887802e-02
1.108062546700239182e-02
9.276212193071842194e-03
8.608609437942504883e-03
8.190113119781017303e-03
7.285895291715860367e-03
6.775673013180494308e-03
6.526827812194824219e-03
6.216788664460182190e-03
6.006538867950439453e-03
5.887145642191171646e-03
5.758623126894235611e-03
5.774863064289093018e-03
5.715303588658571243e-03
5.887802690267562866e-03
5.707159172743558884e-03
5.623572040349245071e-03
5.708293989300727844e-03
5.486333277076482773e-03
5.410049110651016235e-03
5.614530295133590698e-03
5.706948693841695786e-03
5.637767259031534195e-03
5.178164225071668625e-03
5.212539341300725937e-03
5.354615394026041031e-03
5.193750839680433273e-03
5.395814310759305954e-03
5.366524215787649155e-03
5.221426486968994141e-03
5.185222253203392029e-03
5.135783459991216660e-03
5.225283559411764145e-03
5.407482385635375977e-03
5.344042088836431503e-03
5.201250314712524414e-03
5.105764139443635941e-03
5.149340257048606873e-03
5.164660513401031494e-03
5.366034805774688721e-03
5.297347903251647949e-03
5.183638539165258408e-03
5.098277702927589417e-03
5.148751661181449890e-03
5.313360597938299179e-03
5.206313449889421463e-03
4.986128304153680801e-03
5.151655059307813644e-03
5.175276193767786026e-03
5.136341322213411331e-03
5.122070666402578354e-03
5.034021567553281784e-03
5.217996891587972641e-03
5.193820223212242126e-03
5.040844436734914780e-03
5.036339163780212402e-03
5.107374861836433411e-03
4.926645196974277496e-03
4.914487246423959732e-03
4.868340212851762772e-03
5.086946766823530197e-03
5.318517331033945084e-03
5.069710779935121536e-03
5.091941449791193008e-03
5.002550780773162842e-03
4.842711612582206726e-03
5.003739148378372192e-03
5.012404173612594604e-03
4.860234912484884262e-03
5.046866834163665771e-03
5.408735945820808411e-03
5.400522146373987198e-03
5.492771510034799576e-03
6.298587191849946976e-03
6.456197705119848251e-03
6.076121702790260315e-03
6.532418075948953629e-03
5.999468732625246048e-03
6.182463373988866806e-03
6.313934922218322754e-03
5.792479962110519409e-03
5.897954106330871582e-03
6.107996683567762375e-03
5.924006924033164978e-03
6.080349907279014587e-03
5.713900085538625717e-03
5.419015884399414062e-03
5.372524727135896683e-03
4.934852477163076401e-03
5.209056660532951355e-03
5.234668496996164322e-03
5.862646270543336868e-03
5.995728075504302979e-03
5.666778888553380966e-03
5.454264115542173386e-03
5.929347593337297440e-03
5.745272617787122726e-03
5.562175065279006958e-03
5.704743321985006332e-03
5.626757163554430008e-03
5.388006567955017090e-03
6.134050432592630386e-03
5.672690924257040024e-03
5.458949599415063858e-03
5.821461323648691177e-03
5.183344706892967224e-03
5.736798048019409180e-03
5.890727508813142776e-03
4.926777910441160202e-03
5.053154658526182175e-03
4.735732451081275940e-03
4.926617722958326340e-03
4.792199004441499710e-03
5.057300906628370285e-03
5.473398137837648392e-03
5.667647812515497208e-03
5.420967936515808105e-03
5.049055907875299454e-03
4.893675912171602249e-03
4.943925421684980392e-03
4.746542777866125107e-03
4.931315779685974121e-03
5.319787189364433289e-03
5.971828941255807877e-03
5.403827875852584839e-03
5.121919792145490646e-03
5.694274324923753738e-03
5.456462502479553223e-03
5.496392492204904556e-03
5.486044567078351974e-03
5.335542839020490646e-03
5.477866157889366150e-03
5.456148181110620499e-03
5.455378443002700806e-03
5.438612308353185654e-03
5.391255021095275879e-03
5.328307393938302994e-03
5.536884069442749023e-03
5.199159961193799973e-03
4.913229495286941528e-03
4.717887844890356064e-03
4.660363774746656418e-03
4.610628820955753326e-03
4.675841424614191055e-03
4.597043152898550034e-03
4.763522185385227203e-03
4.676991607993841171e-03
4.639097023755311966e-03
4.656342789530754089e-03
4.501592833548784256e-03
4.658897407352924347e-03
4.683080129325389862e-03
4.961074795573949814e-03
4.884337540715932846e-03
4.709613975137472153e-03
5.511095281690359116e-03
6.441717967391014099e-03
6.655734032392501831e-03
5.240544211119413376e-03
5.565887782722711563e-03
5.266874562948942184e-03
4.852296318858861923e-03
4.724343307316303253e-03
4.710258450359106064e-03
5.327183753252029419e-03
5.708662327378988266e-03
5.054285284131765366e-03
5.560757126659154892e-03
5.118255969136953354e-03
5.268083419650793076e-03
5.430627614259719849e-03
4.955292213708162308e-03
5.483601707965135574e-03
5.295109003782272339e-03
5.066797602921724319e-03
4.933475051075220108e-03
5.469622556120157242e-03
5.411417689174413681e-03
4.879761021584272385e-03
5.562226753681898117e-03
5.228752736002206802e-03
4.900400061160326004e-03
5.014166235923767090e-03
5.396389868110418320e-03
5.269333720207214355e-03
4.919067025184631348e-03
4.823622759431600571e-03
4.995432216674089432e-03
5.841203033924102783e-03
5.719657521694898605e-03
6.168307270854711533e-03
5.459336563944816589e-03
5.196424201130867004e-03
4.764998797327280045e-03
4.573238547891378403e-03
4.455676302313804626e-03
4.372712690383195877e-03
4.443050362169742584e-03
4.417978692799806595e-03
4.501417279243469238e-03
4.414210561662912369e-03
4.496877547353506088e-03
4.401510115712881088e-03
4.366011824458837509e-03
4.416324663907289505e-03
4.501224029809236526e-03
4.516173154115676880e-03
4.497246351093053818e-03
4.474371206015348434e-03
4.428626038134098053e-03
4.429571796208620071e-03
4.424789454787969589e-03
4.439625889062881470e-03
4.360946826636791229e-03
4.365957807749509811e-03
4.340693820267915726e-03
4.331818316131830215e-03
4.328249022364616394e-03
4.319332540035247803e-03
4.401154816150665283e-03
4.415219184011220932e-03
4.492683336138725281e-03
4.366202745586633682e-03
4.416402429342269897e-03
4.401276353746652603e-03
4.403915721923112869e-03
4.316290374845266342e-03
4.330533090978860855e-03
4.393732175230979919e-03
4.404495004564523697e-03
4.490275401622056961e-03
4.417805466800928116e-03
4.406855907291173935e-03
4.417766351252794266e-03
4.469819832593202591e-03
4.526508506387472153e-03
4.402472171932458878e-03
4.394247662276029587e-03
4.448618739843368530e-03
4.418222699314355850e-03
4.343821201473474503e-03
4.321742337197065353e-03
4.298756364732980728e-03
4.544906318187713623e-03
4.476312082260847092e-03
4.470442887395620346e-03
4.393360111862421036e-03
4.560082219541072845e-03
4.543198738247156143e-03
4.415275994688272476e-03
4.434827249497175217e-03
4.415007773786783218e-03
4.434842616319656372e-03
4.398155957460403442e-03
4.623830784112215042e-03
4.522257950156927109e-03
4.516853019595146179e-03
4.421890713274478912e-03
4.490664694458246231e-03
4.419503267854452133e-03
4.474172368645668030e-03
4.384770989418029785e-03
4.409743007272481918e-03
4.429306834936141968e-03
4.523674491792917252e-03
4.598222672939300537e-03
4.560413304716348648e-03
4.628927912563085556e-03
4.502784926444292068e-03
4.912061616778373718e-03
5.406531039625406265e-03
5.410285666584968567e-03
5.151471123099327087e-03
5.298954900354146957e-03
4.871347453445196152e-03
4.580903798341751099e-03
4.742248915135860443e-03
5.117471795529127121e-03
5.509519483894109726e-03
5.284523125737905502e-03
5.131025332957506180e-03
4.911638796329498291e-03
5.391280632466077805e-03
5.255401134490966797e-03
5.027185659855604172e-03
4.982799757272005081e-03
5.222165491431951523e-03
5.145922768861055374e-03
4.888530354946851730e-03
4.927644971758127213e-03
5.398267414420843124e-03
5.025675520300865173e-03
5.212427582591772079e-03
5.072760861366987228e-03
4.930939525365829468e-03
5.205759312957525253e-03
5.048033315688371658e-03
4.951201844960451126e-03
5.203700158745050430e-03
5.026257131248712540e-03
5.310142878443002701e-03
5.148340016603469849e-03
4.588435869663953781e-03
4.750733729451894760e-03
5.306929815560579300e-03
4.856252577155828476e-03
4.784392658621072769e-03
5.229594185948371887e-03
4.876591730862855911e-03
4.944402258843183517e-03
4.870074335485696793e-03
4.952324088662862778e-03
4.893863573670387268e-03
4.997758194804191589e-03
5.180504638701677322e-03
4.526584874838590622e-03
4.358325619250535965e-03
4.378946032375097275e-03
4.437182564288377762e-03
4.406502936035394669e-03
4.539777059108018875e-03
5.014078225940465927e-03
5.210230592638254166e-03
4.450007807463407516e-03
4.550938494503498077e-03
4.664037842303514481e-03
5.273634102195501328e-03
5.178671795874834061e-03
5.059170536696910858e-03
4.820891190320253372e-03
4.670443944633007050e-03
5.048853810876607895e-03
4.985376726835966110e-03
4.912518430501222610e-03
4.752382170408964157e-03
4.971055779606103897e-03
5.099511705338954926e-03
4.612219054251909256e-03
4.480198957026004791e-03
4.384458530694246292e-03
4.316739272326231003e-03
4.253367893397808075e-03
4.264577757567167282e-03
4.255355801433324814e-03
4.315550904721021652e-03
4.293449688702821732e-03
4.323602188378572464e-03
4.330753814429044724e-03
4.296335857361555099e-03
4.308193922042846680e-03
4.297289997339248657e-03
4.301305394619703293e-03
4.350772593170404434e-03
4.377523437142372131e-03
4.374062176793813705e-03
4.353321157395839691e-03
4.529886413365602493e-03
4.437210503965616226e-03
4.713373724371194839e-03
5.684940610080957413e-03
5.351196974515914917e-03
4.798049107193946838e-03
4.991907160729169846e-03
5.392062012106180191e-03
5.380652844905853271e-03
6.292132660746574402e-03
6.581405177712440491e-03
6.527390331029891968e-03
5.538549274206161499e-03
5.387487355619668961e-03
4.943461623042821884e-03
5.140542518347501755e-03
5.467614158987998962e-03
4.972741473466157913e-03
5.391171667724847794e-03
5.317869130522012711e-03
4.990084562450647354e-03
4.573856014758348465e-03
4.526373464614152908e-03
4.384958650916814804e-03
4.501315299421548843e-03
4.509147256612777710e-03
4.387794062495231628e-03
4.362525884062051773e-03
4.237785935401916504e-03
4.243229515850543976e-03
4.220055881887674332e-03
4.274718929082155228e-03
4.285139497369527817e-03
4.261959809809923172e-03
4.337261896580457687e-03
4.325902555137872696e-03
4.304357804358005524e-03
4.270214121788740158e-03
4.303687252104282379e-03
4.305057693272829056e-03
4.253093618899583817e-03
4.297542851418256760e-03
4.346286412328481674e-03
4.588054493069648743e-03
4.920552019029855728e-03
5.045254249125719070e-03
4.863940179347991943e-03
5.478995386511087418e-03
5.040087271481752396e-03
5.794418975710868835e-03
5.511812865734100342e-03
6.161069031804800034e-03
6.640867795795202255e-03
5.677556153386831284e-03
5.638949573040008545e-03
4.856106359511613846e-03
4.918836522847414017e-03
4.932749550789594650e-03
4.930714145302772522e-03
4.892077296972274780e-03
5.007938947528600693e-03
4.829090554267168045e-03
4.970137029886245728e-03
4.708623513579368591e-03
4.428721498697996140e-03
4.302698187530040741e-03
4.299651365727186203e-03
4.262000788003206253e-03
4.259277600795030594e-03
4.234402906149625778e-03
4.234323743730783463e-03
4.209597129374742508e-03
4.210257902741432190e-03
4.351759795099496841e-03
4.327517468482255936e-03
4.271255806088447571e-03
4.324757959693670273e-03
4.330275114625692368e-03
4.330480936914682388e-03
4.509994294494390488e-03
4.668707493692636490e-03
5.066329613327980042e-03
4.654173739254474640e-03
4.808423575013875961e-03
5.095265340059995651e-03
5.489376839250326157e-03
4.371339920908212662e-03
4.355434793978929520e-03
4.294100683182477951e-03
4.443998448550701141e-03
4.411982372403144836e-03
4.368922207504510880e-03
4.556638654321432114e-03
4.993538837879896164e-03
4.526561591774225235e-03
4.369845613837242126e-03
4.402209538966417313e-03
4.261063877493143082e-03
4.284802358597517014e-03
4.263297189027070999e-03
4.344813991338014603e-03
4.446512553840875626e-03
4.316338803619146347e-03
4.357760772109031677e-03
4.344348330050706863e-03
4.291751887649297714e-03
4.264519084244966507e-03
4.311146680265665054e-03
4.268735181540250778e-03
4.243323113769292831e-03
4.227953031659126282e-03
4.348250571638345718e-03
4.304878413677215576e-03
4.367366433143615723e-03
4.350688308477401733e-03
4.387297667562961578e-03
4.514919128268957138e-03
4.831710830330848694e-03
5.089704878628253937e-03
4.540861584246158600e-03
4.586255177855491638e-03
4.640918225049972534e-03
4.890022333711385727e-03
4.858476575464010239e-03
4.776166286319494247e-03
4.678238648921251297e-03
4.851393401622772217e-03
4.769536200910806656e-03
4.667365457862615585e-03
5.133183207362890244e-03
4.651178140193223953e-03
4.455463029444217682e-03
4.888819530606269836e-03
4.730226006358861923e-03
4.469724372029304504e-03
4.922528285533189774e-03
4.958257079124450684e-03
4.616895690560340881e-03
4.384233150631189346e-03
4.350376781076192856e-03
4.285472910851240158e-03
4.186952486634254456e-03
4.247791599482297897e-03
4.320616368204355240e-03
4.336663987487554550e-03
4.333589691668748856e-03
4.343930166214704514e-03
4.325118381530046463e-03
4.209268372505903244e-03
4.285073839128017426e-03
4.398037679493427277e-03
4.334302619099617004e-03
4.367288202047348022e-03
4.235723521560430527e-03
4.301208537071943283e-03
4.321631509810686111e-03
4.232859704643487930e-03
4.390537273138761520e-03
4.272255580872297287e-03
4.297305364161729813e-03
4.313153680413961411e-03
4.281680099666118622e-03
4.296470899134874344e-03
4.264726769179105759e-03
4.197772126644849777e-03
4.191386047750711441e-03
4.283477086573839188e-03
4.449469968676567078e-03
4.216465633362531662e-03
4.247514531016349792e-03
4.205178003758192062e-03
4.321476444602012634e-03
4.240745678544044495e-03
4.242280963808298111e-03
4.288255702704191208e-03
4.247752483934164047e-03
4.204281140118837357e-03
4.193596541881561279e-03
4.176452755928039551e-03
4.245575051754713058e-03
4.307508934289216995e-03
4.213423933833837509e-03
4.292256198823451996e-03
4.254058469086885452e-03
4.264237359166145325e-03
4.267325159162282944e-03
4.190754611045122147e-03
4.258439410477876663e-03
4.217811394482851028e-03
4.293922800570726395e-03
4.221205133944749832e-03
4.412188660353422165e-03
4.318720195442438126e-03
4.210732877254486084e-03
4.348808433860540390e-03
4.315426107496023178e-03
4.204079974442720413e-03
4.283437971025705338e-03
4.358107224106788635e-03
4.333829972892999649e-03
4.394153133034706116e-03
4.998380783945322037e-03
4.925515037029981613e-03
4.620444029569625854e-03
5.122020374983549118e-03
4.571998957544565201e-03
4.444345366209745407e-03
4.288693424314260483e-03
4.340244922786951065e-03
4.252138081938028336e-03
4.200623370707035065e-03
4.230450838804244995e-03
4.164583981037139893e-03
4.244311712682247162e-03
4.207044839859008789e-03
4.246345255523920059e-03
4.338829312473535538e-03
4.358260426670312881e-03
4.294108599424362183e-03
4.239708650857210159e-03
4.292844329029321671e-03
4.248445853590965271e-03
4.371287301182746887e-03
4.200134892016649246e-03
4.220578353852033615e-03
4.293106496334075928e-03
4.376720171421766281e-03
4.354910925030708313e-03
4.255597013980150223e-03
4.219137597829103470e-03
4.290608223527669907e-03
4.158331081271171570e-03
4.286331590265035629e-03
4.321525339037179947e-03
4.310179967433214188e-03
4.254274535924196243e-03
4.496348556131124496e-03
4.294541664421558380e-03
4.301395732909440994e-03
4.564967472106218338e-03
5.104090552777051926e-03
4.830717574805021286e-03
4.586325958371162415e-03
5.059894639998674393e-03
4.917845595628023148e-03
5.216348916292190552e-03
4.883553367108106613e-03
4.643526393920183182e-03
5.094897467643022537e-03
4.613193683326244354e-03
4.488485399633646011e-03
4.934692289680242538e-03
4.768468905240297318e-03
4.823549650609493256e-03
4.764414858072996140e-03
4.782199393957853317e-03
4.674787167459726334e-03
4.602920729666948318e-03
5.053142085671424866e-03
4.622232634574174881e-03
4.693426657468080521e-03
4.934141878038644791e-03
4.937385674566030502e-03
5.198277533054351807e-03
4.855565261095762253e-03
4.824343603104352951e-03
4.888059105724096298e-03
4.702718928456306458e-03
4.634194541722536087e-03
4.518498200923204422e-03
4.936566576361656189e-03
4.488680046051740646e-03
4.494863562285900116e-03
4.455655813217163086e-03
4.307423718273639679e-03
4.397449549287557602e-03
4.196777939796447754e-03
4.233294166624546051e-03
4.209585487842559814e-03
4.197265952825546265e-03
4.226652905344963074e-03
4.192800726741552353e-03
4.295766353607177734e-03
4.248776007443666458e-03
4.284026101231575012e-03
4.277381580322980881e-03
4.169554915279150009e-03
4.169947933405637741e-03
4.197815898805856705e-03
4.167019855231046677e-03
4.196800757199525833e-03
4.249396268278360367e-03
4.174937028437852859e-03
4.166995640844106674e-03
4.140976816415786743e-03
4.225848708301782608e-03
4.220837261527776718e-03
4.241770133376121521e-03
4.159292671829462051e-03
4.319313447922468185e-03
4.262602422386407852e-03
4.191481042653322220e-03
4.189983010292053223e-03
4.140302538871765137e-03
4.239526577293872833e-03
4.284915048629045486e-03
4.342971369624137878e-03
4.277074709534645081e-03
4.189004655927419662e-03
4.312807694077491760e-03
4.222354851663112640e-03
4.219139926135540009e-03
4.377490375190973282e-03
4.265936557203531265e-03
4.261088091880083084e-03
4.157711286097764969e-03
4.236082080751657486e-03
4.304469097405672073e-03
4.624752793461084366e-03
5.007720086723566055e-03
4.673929885029792786e-03
4.928340669721364975e-03
4.836762323975563049e-03
4.490387625992298126e-03
4.599481821060180664e-03
5.294987466186285019e-03
5.223503801971673965e-03
4.837868735194206238e-03
5.227537360042333603e-03
4.991358611732721329e-03
5.148649215698242188e-03
4.637293051928281784e-03
4.461464006453752518e-03
4.509030375629663467e-03
5.158744752407073975e-03
5.083531141281127930e-03
5.826520267874002457e-03
5.771439522504806519e-03
5.232783034443855286e-03
4.782721865922212601e-03
4.850979894399642944e-03
4.430088680237531662e-03
4.560336004942655563e-03
4.787305369973182678e-03
4.564250353723764420e-03
4.598394501954317093e-03
4.744479432702064514e-03
4.633167758584022522e-03
4.644520115107297897e-03
4.799637943506240845e-03
4.414589609950780869e-03
4.699592012912034988e-03
4.657645244151353836e-03
4.529161378741264343e-03
4.669365938752889633e-03
4.911566153168678284e-03
4.436744842678308487e-03
4.406442865729331970e-03
4.429528489708900452e-03
4.302727524191141129e-03
4.305715207010507584e-03
4.335228819400072098e-03
4.270108416676521301e-03
4.302879795432090759e-03
4.250395111739635468e-03
4.350746981799602509e-03
4.969247151166200638e-03
4.753700457513332367e-03
4.459671210497617722e-03
4.732333123683929443e-03
4.743947647511959076e-03
4.793433938175439835e-03
4.475200083106756210e-03
4.777793306857347488e-03
4.631473217159509659e-03
4.342476371675729752e-03
4.371966701000928879e-03
4.245965275913476944e-03
4.357454832643270493e-03
4.413031041622161865e-03
4.272292833775281906e-03
4.413964226841926575e-03
4.496187902987003326e-03
4.997860640287399292e-03
4.590297117829322815e-03
4.604657646268606186e-03
4.811746533960103989e-03
4.522515926510095596e-03
4.547974560409784317e-03
4.777094814926385880e-03
4.625717643648386002e-03
4.563569556921720505e-03
4.750404972583055496e-03
4.691123496741056442e-03
4.406945314258337021e-03
4.256225656718015671e-03
4.311578813940286636e-03
4.247177857905626297e-03
4.225971642881631851e-03
4.183085169643163681e-03
4.161318298429250717e-03
4.172474611550569534e-03
4.203908611088991165e-03
4.240391310304403305e-03
4.206411074846982956e-03
4.228859208524227142e-03
4.172207321971654892e-03
4.156678915023803711e-03
4.218122456222772598e-03
4.277369938790798187e-03
4.245293326675891876e-03
4.177057649940252304e-03
4.177108407020568848e-03
4.175177309662103653e-03
4.216662142425775528e-03
4.316021688282489777e-03
4.191206302493810654e-03
4.136369563639163971e-03
4.238135647028684616e-03
4.195908084511756897e-03
4.177387338131666183e-03
4.187790211290121078e-03
4.204017575830221176e-03
4.248504061251878738e-03
4.242342431098222733e-03
4.202915821224451065e-03
4.226592835038900375e-03
4.218596499413251877e-03
4.462309181690216064e-03
4.232012201100587845e-03
4.240071401000022888e-03
4.358915612101554871e-03
4.424449056386947632e-03
4.268000833690166473e-03
4.365595057606697083e-03
4.828712437301874161e-03
4.960806574672460556e-03
4.960223101079463959e-03
5.407324060797691345e-03
5.101512651890516281e-03
5.154601763933897018e-03
4.653712268918752670e-03
4.510866012424230576e-03
4.345944616943597794e-03
4.332752898335456848e-03
4.319965373724699020e-03
4.297200590372085571e-03
4.194884561002254486e-03
4.211239516735076904e-03
4.246688913553953171e-03
4.230704624205827713e-03
4.263915121555328369e-03
4.733172710984945297e-03
5.106916185468435287e-03
4.983404651284217834e-03
4.741575568914413452e-03
4.619322251528501511e-03
4.982862621545791626e-03
4.323212895542383194e-03
4.410246852785348892e-03
4.610555712133646011e-03
4.740254953503608704e-03
4.496242851018905640e-03
4.779729526489973068e-03
4.664927721023559570e-03
4.397637676447629929e-03
4.737993236631155014e-03
4.851263947784900665e-03
4.614626988768577576e-03
4.690904635936021805e-03
4.516469780355691910e-03
4.407930187880992889e-03
4.633486736565828323e-03
4.829956684261560440e-03
5.184291396290063858e-03
4.790131002664566040e-03
4.720329307019710541e-03
4.746905062347650528e-03
4.316998180001974106e-03
4.283853340893983841e-03
4.230260848999023438e-03
4.221343435347080231e-03
4.229305777698755264e-03
4.176806658506393433e-03
4.157215356826782227e-03
4.150474909693002701e-03
4.150294233113527298e-03
4.230068996548652649e-03
4.332958254963159561e-03
4.467524588108062744e-03
4.695138894021511078e-03
4.742983728647232056e-03
4.529404919594526291e-03
4.787821322679519653e-03
4.714433569461107254e-03
4.967546090483665466e-03
4.535953514277935028e-03
4.395374562591314316e-03
4.341555759310722351e-03
4.208476748317480087e-03
4.194631706923246384e-03
4.196126945316791534e-03
4.204966593533754349e-03
4.267362877726554871e-03
4.219723399728536606e-03
4.163458943367004395e-03
4.174970556050539017e-03
4.188277292996644974e-03
4.271620418876409531e-03
4.243410192430019379e-03
4.206113051623106003e-03
4.209316801279783249e-03
4.195151850581169128e-03
4.133271519094705582e-03
4.141032230108976364e-03
4.253904800862073898e-03
4.335852805525064468e-03
4.367421846836805344e-03
4.755618982017040253e-03
5.104512907564640045e-03
5.162699613720178604e-03
5.343392491340637207e-03
4.739164840430021286e-03
4.403161816298961639e-03
4.277715459465980530e-03
4.365810658782720566e-03
4.237584769725799561e-03
4.416543990373611450e-03
4.467541351914405823e-03
4.523883573710918427e-03
4.789085127413272858e-03
4.594517871737480164e-03
4.508592654019594193e-03
4.772605374455451965e-03
4.592671990394592285e-03
4.445818718522787094e-03
4.392892587929964066e-03
4.247941076755523682e-03
4.219191148877143860e-03
4.230211488902568817e-03
4.198418464511632919e-03
4.231933038681745529e-03
4.256631713360548019e-03
4.366466775536537170e-03
4.454493056982755661e-03
4.371370654553174973e-03
4.325050860643386841e-03
4.283129237592220306e-03
4.270036239176988602e-03
4.275601357221603394e-03
4.253795836120843887e-03
4.235008265823125839e-03
4.235594533383846283e-03
4.183306824415922165e-03
4.338074009865522385e-03
4.258591681718826294e-03
4.229649435728788376e-03
4.237607121467590332e-03
4.188698250800371170e-03
4.344615619629621506e-03
4.221801180392503738e-03
4.259692970663309097e-03
4.240330774337053299e-03
4.211929161101579666e-03
4.183235578238964081e-03
4.176660906523466110e-03
4.193671513348817825e-03
4.181653261184692383e-03
4.234450403600931168e-03
4.339159000664949417e-03
4.276002291589975357e-03
4.278154112398624420e-03
4.262358881533145905e-03
4.264237824827432632e-03
4.186904523521661758e-03
4.246913827955722809e-03
4.234645050019025803e-03
4.210947547107934952e-03
4.278298933058977127e-03
4.476246889680624008e-03
4.987135995179414749e-03
4.633121658116579056e-03
4.558621440082788467e-03
4.860622808337211609e-03
4.656292498111724854e-03
4.757876042276620865e-03
4.560270812362432480e-03
4.735954571515321732e-03
4.517293069511651993e-03
4.518912639468908310e-03
4.727886524051427841e-03
4.709303844720125198e-03
4.619330633431673050e-03
4.681461025029420853e-03
4.601774737238883972e-03
4.717134404927492142e-03
4.387342836707830429e-03
4.422453697770833969e-03
4.542130511254072189e-03
4.757786635309457779e-03
4.385666921734809875e-03
4.308236762881278992e-03
4.370647016912698746e-03
4.430573433637619019e-03
4.446740262210369110e-03
4.531849175691604614e-03
4.945151973515748978e-03
4.518890287727117538e-03
4.703897517174482346e-03
4.704566672444343567e-03
4.528475459665060043e-03
4.509659949690103531e-03
4.546146374195814133e-03
4.653948824852705002e-03
4.672193899750709534e-03
4.473017994314432144e-03
4.499953240156173706e-03
4.635989665985107422e-03
4.640298429876565933e-03
4.440543707460165024e-03
4.309114534407854080e-03
4.245400894433259964e-03
4.538177512586116791e-03
4.802672658115625381e-03
4.971300717443227768e-03
4.791021812707185745e-03
4.521300084888935089e-03
4.601559136062860489e-03
4.587819799780845642e-03
4.549579694867134094e-03
4.572731908410787582e-03
4.356874618679285049e-03
4.251215141266584396e-03
4.233059007674455643e-03
4.162080585956573486e-03
4.147033207118511200e-03
4.173646215349435806e-03
4.159994423389434814e-03
