2.144372730500000018e-02
1.777494895300000058e-02
1.543099363999999966e-02
4.097561820600000015e-02
1.695853995700000172e-02
1.986795528100000069e-02
1.748874121499999906e-02
2.789530025600000032e-02
1.523002811100000048e-02
2.144547817800000061e-02
1.820208254999999831e-02
1.849125680800000129e-02
1.975681086499999836e-02
1.765082763699999877e-02
3.995713247399999835e-02
1.409406791700000029e-02
1.926515092100000021e-02
1.830459084200000003e-02
2.892288459299999920e-02
2.529838285100000084e-02
1.509368257799999918e-02
1.782514571599999945e-02
1.476411826999999947e-02
1.778101628100000123e-02
3.262644832299999714e-02
2.427775140699999987e-02
1.320432063100000081e-02
1.973495170799999948e-02
1.513629788100000033e-02
5.688795010600000007e-02
2.575734017899999895e-02
1.730451708999999894e-02
2.798330375899999931e-02
3.729448838999999821e-02
1.691565462900000011e-02
1.574253304900000150e-02
2.842489655600000109e-02
5.419551543400000226e-02
3.247178484600000276e-02
1.769604959300000169e-02
3.116044618299999847e-02
1.543201920400000086e-02
1.583994567099999973e-02
1.647899722599999867e-02
2.437792149499999964e-02
1.517617961799999984e-02
1.689635170400000108e-02
1.353787619300000043e-02
2.118301471400000149e-02
2.371689558600000025e-02
2.880423386299999985e-02
3.225165007999999944e-02
1.465723349099999975e-02
5.761741598799999947e-02
2.640076148500000025e-02
2.434389270199999872e-02
1.809844988999999987e-02
1.752743371400000000e-02
1.652191378800000124e-02
1.674675702799999916e-02
1.508522935100000024e-02
3.569352492399999882e-02
1.758663171499999858e-02
1.779163544900000046e-02
1.400199401899999974e-02
3.452105455599999845e-02
1.621466914199999956e-02
1.620707240800000129e-02
1.561918760499999941e-02
1.858013166100000099e-02
1.520686521399999998e-02
2.529446832799999920e-02
6.888918610199999681e-02
1.565427699700000161e-02
1.727956928000000045e-02
1.963234107400000164e-02
1.685441755000000041e-02
1.565458860000000160e-02
2.646795917700000070e-02
1.430950378100000024e-02
1.626425384799999943e-02
1.342519496499999972e-02
2.690012735599999968e-02
2.408280380599999923e-02
1.682193621299999872e-02
2.203243318199999898e-02
1.888690289000000133e-02
1.789323274800000071e-02
1.932279170199999868e-02
1.642607835000000141e-02
2.084381137200000053e-02
1.645083686100000039e-02
2.367442331300000091e-02
1.510661397999999919e-02
1.705364296800000040e-02
5.873998723700000341e-02
1.359100847099999933e-02
1.734740971000000090e-02
5.818142220599999831e-02
1.594290166800000144e-02
3.467482438899999880e-02
2.729125291300000047e-02
3.384658145000000312e-02
1.388714768699999928e-02
2.255141664799999862e-02
3.392758247000000199e-02
1.591907738000000044e-02
2.023273468200000036e-02
1.651342282999999911e-02
3.547758384699999795e-02
1.451855562900000035e-02
2.155896477199999856e-02
3.448541353000000170e-02
1.888978370400000092e-02
5.827356687799999796e-02
3.691058524699999954e-02
1.496464593300000055e-02
5.949487561399999930e-02
1.495529679300000060e-02
2.769616013000000126e-02
3.700276291000000051e-02
1.487275422399999929e-02
1.635182250600000081e-02
5.564798348899999830e-02
1.871821369999999984e-02
1.503745835499999996e-02
1.480911310400000007e-02
4.017890922799999959e-02
1.813304538899999929e-02
1.672102379500000138e-02
1.480299944000000069e-02
3.650357584499999697e-02
2.151607470699999983e-02
3.079835273999999984e-02
3.320859069499999816e-02
1.721639588900000101e-02
1.464712858900000039e-02
1.835023329299999978e-02
1.914086663100000169e-02
1.556106403000000020e-02
1.660890746499999945e-02
1.527660833000000010e-02
1.314785549400000059e-02
1.573140612400000110e-02
1.869013599600000131e-02
2.206704219000000036e-02
1.409129576199999977e-02
1.489026269499999985e-02
1.633366857199999855e-02
1.834703266300000135e-02
1.821249803400000131e-02
5.608508442000000038e-02
1.698227146500000048e-02
1.863121149899999926e-02
1.461172143599999938e-02
3.177514226800000341e-02
1.797895243599999943e-02
1.948748353100000080e-02
2.874595980999999911e-02
2.286166205600000112e-02
2.544945694599999933e-02
2.114639440399999903e-02
4.015815271099999750e-02
1.852057791799999881e-02
3.443178934700000249e-02
1.701926879000000004e-02
3.065927801299999853e-02
1.640272481699999937e-02
1.380763126100000016e-02
5.599376671200000100e-02
2.515093892000000095e-02
4.580451628499999928e-02
1.716472214600000060e-02
1.776672539900000028e-02
1.586286775299999841e-02
1.428829410200000045e-02
2.623662277900000103e-02
1.669382156600000139e-02
1.737716364900000060e-02
1.894972396399999953e-02
1.687772311200000028e-02
2.234048263300000142e-02
1.523597240499999922e-02
1.462338439699999992e-01
1.563736791699999948e-02
1.905921759599999918e-02
1.368380950500000005e-02
1.575343905600000080e-02
1.819724874100000014e-02
2.004495721699999997e-02
1.715943339499999970e-02
1.364338380400000050e-02
3.241464960999999867e-02
3.300604788400000184e-02
1.699872466999999970e-02
1.432111768500000069e-02
1.407995597500000078e-02
1.787012770400000020e-02
4.348445219899999686e-02
1.365652426300000000e-02
1.378165676900000060e-02
1.374261252499999961e-02
1.806545789500000124e-02
1.365551552399999966e-02
3.772140821400000316e-02
1.715497470799999882e-02
2.349365266400000110e-02
1.344640318699999969e-02
3.369014573700000043e-02
3.021578870100000147e-02
1.553766726599999960e-02
3.982307437100000153e-02
1.548725052700000021e-02
2.574908984900000156e-02
1.739811276000000073e-02
1.322057077300000001e-02
1.743728425699999848e-02
7.159460808499999718e-02
1.702328557199999856e-02
2.468356158600000169e-02
3.576200838000000160e-02
1.674724475000000101e-02
1.559793504699999965e-02
3.466114199800000156e-02
2.753928725199999983e-02
1.524822694600000070e-02
2.707290545299999990e-02
2.858247360600000078e-02
1.363993929799999991e-02
1.766388692400000168e-02
2.075201159899999967e-02
2.751835146599999893e-02
2.149991231899999952e-02
3.431144533399999724e-02
2.722935873899999873e-02
1.422417873500000061e-02
1.641886858400000079e-02
5.951374095899999994e-02
1.907728449400000054e-02
5.583397587600000267e-02
1.498913635899999999e-02
1.660123148100000126e-02
1.575283488200000109e-02
3.991357034700000056e-02
2.968788883699999964e-02
2.595969726899999969e-02
3.695742341000000236e-02
5.907901107300000260e-02
1.727220857200000015e-02
2.108134440899999892e-02
5.757764096899999767e-02
5.797083576599999788e-02
2.278315226800000162e-02
1.650138661999999909e-02
1.649726492000000086e-02
1.590014843399999850e-02
1.662076023000000000e-02
1.472110140099999916e-02
1.740670739199999886e-02
1.743472707200000027e-02
1.823037351000000167e-02
1.527177293000000005e-02
1.598019387299999886e-02
2.848116971399999864e-02
2.430360087099999941e-02
2.790821228099999926e-02
2.361207433299999936e-02
1.774385029199999908e-02
1.535018026599999953e-02
5.690625626999999687e-02
1.972463827899999939e-02
4.468410054400000220e-02
1.395904440999999954e-02
2.498432587500000121e-02
7.098372768900000629e-02
1.153540978500000036e-01
2.913043818299999865e-02
1.648939993499999937e-02
1.294759627500000065e-02
1.851497989399999988e-02
1.411241576199999924e-02
2.171586228399999957e-02
1.327936091700000071e-02
5.682697251800000043e-02
8.234606875699999884e-02
1.563611908599999920e-02
1.691761834299999878e-02
1.535994580100000055e-02
3.640913737300000008e-02
4.010346508100000318e-02
1.756420579900000098e-02
1.919997816999999968e-02
6.120263248399999967e-02
1.684893313599999942e-02
3.411648229099999846e-02
3.307863226499999781e-02
1.788164556400000105e-02
2.283576287800000160e-02
1.709103489299999834e-02
1.368354041800000018e-02
1.407309079399999933e-02
2.709943429799999831e-02
3.101628281000000029e-02
1.476613832100000072e-02
1.832073136499999880e-02
1.581280624300000076e-02
1.847318729499999868e-02
1.442346169800000008e-02
1.316243307600000086e-02
2.296655847600000133e-02
1.523346764500000013e-02
1.878956698400000014e-02
2.669515474399999921e-02
1.592245265199999926e-02
1.778628393099999927e-02
1.420252814299999972e-02
1.374084002300000017e-02
2.000108407399999941e-02
6.041065791400000023e-02
1.465148145299999954e-02
2.089414358200000071e-02
1.657225928399999951e-02
1.988821316800000114e-02
1.521404860800000015e-02
1.747687843699999993e-02
2.141319313599999996e-02
2.487084279800000006e-02
5.676794787699999956e-02
1.431360250600000050e-02
1.831294169099999952e-02
2.656463567799999953e-02
1.782629674500000108e-02
1.910811011500000017e-02
1.688957809400000107e-02
1.542191525300000074e-02
4.195064761399999731e-02
2.760475491500000156e-02
1.627624732299999891e-02
1.672146901899999871e-02
3.264164613799999670e-02
5.571402203700000222e-02
1.479150904300000069e-02
1.619966262100000151e-02
5.857153692300000325e-02
1.722284945000000095e-02
1.972019765299999963e-02
6.098858918800000029e-02
2.787883146599999876e-02
2.372773752000000014e-02
1.808276059099999875e-02
6.932594695900000381e-02
1.453404347400000067e-02
1.372145478100000003e-02
1.710674382600000168e-02
1.796517040199999832e-02
3.940137340000000182e-02
1.856495450500000172e-02
1.736769875599999957e-02
3.324002842900000004e-02
1.765711299500000164e-02
3.794908696799999953e-02
2.639390301099999933e-02
1.703821566800000145e-02
1.680083492099999909e-02
3.211415700100000298e-02
1.416137932000000044e-02
1.920952071500000094e-02
2.835701195800000018e-02
5.900332391500000273e-02
8.483204207300000521e-02
1.798358319200000013e-02
2.384374525599999850e-02
1.455078898699999936e-02
1.370526886799999962e-02
3.514502750299999811e-02
3.750160414999999942e-02
1.878155227100000019e-02
1.441309994699999965e-02
4.159640099600000335e-02
1.524517572900000069e-02
3.372736253999999989e-02
4.158503950499999741e-02
1.848750754400000154e-02
1.369975835400000057e-02
1.280789576599999924e-02
1.464119063800000016e-02
1.847820181300000031e-02
1.806963003999999956e-02
9.047902025899999534e-02
2.890401538300000142e-02
1.771514321200000006e-02
1.804955640799999969e-02
1.622318424800000061e-02
1.377493413399999943e-02
4.354848239999999787e-02
3.031740829899999892e-02
1.794992524899999969e-02
1.759724246700000022e-02
1.367820203399999941e-02
2.343438827300000152e-02
2.060480012999999985e-02
2.387825311699999856e-02
1.734449902999999835e-02
1.733582583199999930e-02
1.442691343999999952e-02
2.599975531000000076e-02
1.557133587399999949e-02
1.603808066199999965e-02
1.670577333899999836e-02
1.794520171000000067e-02
1.508688409999999966e-02
1.688200171800000038e-02
5.777915649300000012e-02
4.643962100900000251e-02
1.730066229999999844e-02
1.847322252600000145e-02
2.938095805900000149e-02
3.015964298999999904e-02
1.905301508499999963e-02
1.326206791100000004e-02
2.072075825600000129e-02
1.540156272399999943e-02
1.528473293099999984e-02
1.642308903800000081e-02
1.557223477699999983e-02
1.556806477999999987e-02
1.998446246199999873e-02
1.382880472400000067e-02
1.327366951800000063e-02
1.670315874999999881e-02
1.648580512799999870e-02
1.507364444700000014e-02
1.875691483299999837e-02
1.701377103100000163e-02
1.662595163099999870e-02
1.673203828099999874e-02
1.820054883599999881e-02
1.972688613799999935e-02
3.350271951400000253e-02
1.422563456900000078e-02
1.409499703499999916e-02
1.725385297599999965e-02
3.132158594299999654e-02
1.416186346400000011e-02
1.347004155400000069e-02
1.806351011399999831e-02
2.060351803700000151e-02
1.733350218999999900e-02
2.805459978399999985e-02
1.613142983600000108e-02
1.920256617399999921e-02
1.751119612400000095e-02
1.401224749499999957e-02
1.374973464800000045e-02
2.518882423899999889e-02
1.660123150399999900e-02
1.797595896200000071e-02
1.383840094100000084e-02
1.575533568100000170e-02
9.965985438799999929e-02
2.893049661600000100e-02
1.464321983399999999e-02
1.490959871700000064e-02
5.572475102100000327e-02
4.592288162500000187e-02
4.068267020699999764e-02
1.743508351800000106e-02
1.530869626999999990e-02
6.078159339900000152e-02
1.431952272500000047e-02
1.690157318599999972e-02
1.513862449099999917e-02
5.456474909999999706e-02
1.721774375500000065e-02
6.008314077500000183e-02
4.182778858800000055e-02
1.787719089300000147e-02
1.846921267799999863e-02
1.845128763800000030e-02
1.343341780200000002e-01
3.013437996199999983e-02
1.507590809899999988e-02
3.750380815499999854e-02
1.864779498700000135e-02
1.586373550099999877e-02
1.695536480300000037e-02
1.503940932899999923e-02
2.681604816199999880e-02
1.517304949900000026e-02
2.527861122000000030e-02
1.795498627500000111e-02
1.801085679300000117e-02
5.914865556900000126e-02
1.516052396500000045e-02
2.685776577200000084e-02
5.859791732999999891e-02
1.755857687699999975e-02
1.811874680699999962e-02
1.353556647600000044e-02
1.543303312500000045e-02
1.477718722699999931e-02
2.720325607000000090e-02
1.706310228999999984e-02
2.393948885400000101e-02
1.567441274899999959e-02
1.497964345900000029e-02
6.011108363699999707e-02
2.413412721799999827e-02
3.143998328599999920e-02
3.084649112299999926e-02
3.416505539700000205e-02
2.498073616400000099e-02
1.638452343900000108e-02
1.647710453600000069e-02
1.376780735899999983e-02
1.388188529399999871e-01
1.454795976399999961e-02
2.238569664899999964e-02
1.471454461100000013e-02
1.882530477700000010e-02
1.400441823499999974e-02
1.585124288900000011e-02
5.958491650600000050e-02
1.573413406400000006e-02
2.589933715400000169e-02
1.603679471299999937e-02
2.002172989900000144e-02
1.503066350099999983e-02
1.436030384299999928e-02
1.513612928999999961e-02
4.442381467699999670e-02
1.766008146300000053e-02
1.561836374699999974e-02
2.911274451599999910e-02
2.243926465799999867e-02
1.441522052400000080e-02
2.017334834099999974e-02
3.190613836500000300e-02
5.784769718200000188e-02
1.618925684299999876e-02
6.438520117800000664e-02
1.770235746600000090e-02
1.640957667699999983e-02
1.457655756500000031e-02
4.144583056500000112e-02
1.825221629300000092e-02
5.322162095300000256e-02
1.390349565599999920e-02
1.409683291599999992e-02
1.872821054499999860e-02
2.764294100399999898e-02
3.571281700500000128e-02
1.502209652699999960e-02
2.093751297299999842e-02
2.352244154500000156e-02
1.832489657400000055e-02
3.363576656299999829e-02
1.553182497699999963e-02
6.994116920600000620e-02
1.623855787500000022e-02
6.151714761600000220e-02
2.539276457599999939e-02
2.211996833899999848e-02
2.120310148599999917e-02
3.426886414299999684e-02
2.282603534400000009e-02
6.079969797899999889e-02
1.654185774799999883e-02
1.723677388700000160e-02
1.689567134800000134e-02
2.847731691699999929e-02
4.963563809899999846e-02
1.785742192999999894e-02
1.470376730599999918e-02
1.819195146199999863e-02
1.911443192699999877e-02
1.871047817100000149e-02
1.754114089899999965e-02
1.385908962300000033e-02
2.241851497399999921e-02
2.464193689899999914e-02
1.685565403800000014e-02
1.731578981200000006e-02
2.281988210999999836e-02
1.753191654500000154e-02
2.373857847699999829e-02
2.479385410199999931e-02
1.407247909899999976e-02
2.371772267500000045e-02
1.573651555200000079e-02
2.217964574599999919e-02
1.465272561699999983e-02
6.440581495300000403e-02
1.592162566599999995e-02
1.853490528200000056e-02
2.825645865099999862e-02
1.457796036700000075e-02
2.473875700200000097e-02
5.788620722699999721e-02
1.911711507599999846e-02
1.617419713600000072e-02
2.545739962699999914e-02
3.799228937699999920e-02
2.657923725100000065e-02
1.383508483400000023e-02
1.477054720799999936e-02
1.721937246700000132e-02
1.783190002400000113e-02
3.118761971499999994e-02
1.447823315299999990e-02
1.739632760200000156e-02
1.336640815000000038e-01
1.839879468000000032e-02
2.131879615499999991e-02
1.561485434200000043e-02
1.893052505500000121e-02
1.780797409000000123e-02
3.151311623499999937e-02
1.553642531600000001e-02
1.967142484400000169e-02
1.857493665600000107e-02
1.622602486899999905e-02
1.788272428199999889e-02
1.653177908599999871e-02
6.002814815699999973e-02
2.020550956999999856e-02
2.397051152600000040e-02
1.470077566800000006e-02
2.016685559000000114e-02
2.729520263600000024e-02
1.589629411300000003e-02
5.948616978000000055e-02
2.584128165299999849e-02
3.156176426800000323e-02
3.643010582899999794e-02
2.873752301300000131e-02
1.658387910099999932e-02
2.396516056300000003e-02
1.373070068600000006e-02
1.638386743699999856e-02
9.361055214300000038e-02
1.585090728400000148e-02
1.850167024899999901e-02
2.372631897899999884e-02
1.409878101999999939e-02
1.576105206499999953e-02
1.483770197899999914e-02
1.860486153999999989e-02
5.288616814799999843e-02
2.372318272299999906e-02
1.426942566100000004e-02
1.788792929500000045e-02
2.916328854900000073e-02
1.538387509800000046e-02
1.715731349599999844e-02
3.297036028300000254e-02
1.434311902799999955e-02
1.648677390800000128e-02
1.530966252299999913e-02
1.539551994700000086e-02
2.329009291399999904e-02
5.776817130600000322e-02
2.934488854299999866e-02
2.748255762000000046e-02
2.452946108999999944e-02
3.763769770900000228e-02
2.313260664000000091e-02
1.414077520499999914e-02
1.456396745299999920e-02
5.322713278400000025e-02
3.036926742300000148e-02
1.608415215499999981e-02
2.602163048999999936e-02
1.617817711800000058e-02
2.038270789399999894e-02
1.431864729100000046e-02
5.374221264299999801e-02
1.436104660100000034e-02
3.752061815600000322e-02
1.605380791199999962e-02
3.166836321600000059e-02
1.479201609299999991e-02
1.785310051300000034e-02
1.776790181700000151e-02
1.791601606199999877e-02
1.567064487500000047e-02
1.663880181299999886e-02
1.600146522000000029e-02
1.745554113300000140e-02
1.441505504799999934e-02
1.880331108299999887e-02
2.950336498699999976e-02
1.437427426000000008e-02
1.605476802699999997e-02
1.833179672100000018e-02
5.414477368299999704e-02
1.507622691700000010e-02
1.427984492399999965e-02
1.445613698600000004e-02
1.318568162500000085e-02
3.564014880199999763e-02
1.508728495799999993e-02
2.442463596500000014e-02
3.036017576399999834e-02
1.876441184400000003e-02
1.734147707700000110e-02
1.314731168499999950e-02
2.619376996499999874e-02
1.532530822000000015e-02
3.531394009700000031e-02
1.767581255499999990e-02
1.630777190000000029e-02
2.818354052800000134e-02
1.477423699000000000e-02
3.110796634300000071e-02
1.791913059499999905e-02
3.819619700600000028e-02
3.151270828399999752e-02
3.310019560000000000e-02
2.962714989100000140e-02
2.262342964100000006e-02
1.642779001199999936e-02
1.672549651500000040e-02
1.639556594499999922e-02
1.381467605500000077e-02
1.602248459800000024e-02
3.248113772300000035e-02
3.268535391099999798e-02
1.851593901900000158e-02
1.738596056800000011e-02
2.388010458699999991e-02
1.676478638800000046e-02
1.385536727900000056e-02
1.973825820599999989e-02
1.146636661499999960e-01
2.737776147800000115e-02
1.446549477699999968e-02
2.064239094600000060e-02
5.482161166300000138e-02
1.487714514300000034e-02
1.510781620400000053e-02
1.946566626299999977e-02
1.848452422700000083e-02
1.576395481800000123e-02
2.916915715799999961e-02
3.359534043100000089e-02
2.588518172300000031e-02
1.667451176200000079e-02
3.365314692600000074e-02
1.748412881499999960e-02
1.519246479300000001e-02
1.884560406599999904e-02
1.383537431000000061e-02
1.667374613800000002e-02
1.804212673200000089e-02
2.420769001099999998e-02
4.067665454000000264e-02
2.431683254700000088e-02
2.309594985499999892e-02
2.625380956000000071e-02
1.887860626299999942e-02
1.530137510500000075e-02
1.425694668500000067e-02
3.659554216199999849e-02
1.871454050800000143e-02
2.125729884099999967e-02
1.386766123100000025e-02
1.358169883300000026e-02
