1.499630472999999992e-02
2.401263869500000134e-02
1.972688613799999935e-02
8.726184047700000224e-02
3.119914162499999935e-02
3.118761971499999994e-02
3.029043803400000012e-02
4.442381467699999670e-02
3.482031245400000335e-02
1.369975835400000057e-02
1.669382156600000139e-02
1.745554113300000140e-02
1.673439666699999898e-02
1.374973464800000045e-02
1.712550773299999912e-02
1.660890746499999945e-02
2.011155737000000152e-02
2.895200555200000067e-02
1.910811011500000017e-02
1.511060101500000079e-02
1.633366857199999855e-02
5.784051150800000041e-02
1.409406791700000029e-02
9.106279980499999704e-02
1.151980643999999943e-01
1.495951904000000082e-02
1.381467605500000077e-02
2.120310148599999917e-02
5.948616978000000055e-02
2.427775140699999987e-02
2.513873318699999873e-02
4.111314733000000221e-02
1.556106403000000020e-02
1.453528135100000049e-02
5.581910396399999974e-02
6.440581495300000403e-02
1.858013166100000099e-02
1.553182497699999963e-02
1.697475838500000014e-02
1.341106024200000059e-02
1.665310910800000058e-02
2.959630544399999980e-02
2.916915715799999961e-02
1.849480891099999913e-02
4.580451628499999928e-02
3.120438761699999980e-02
1.423310297399999966e-02
1.423435883999999915e-02
1.608788229800000094e-02
5.690625626999999687e-02
2.625380956000000071e-02
1.666377657700000153e-02
1.774385029199999908e-02
2.799140961200000111e-02
3.454138066799999907e-02
2.897489725100000149e-02
3.292900814099999907e-02
1.633253520800000136e-02
1.657225928399999951e-02
1.571442962399999949e-02
1.871047817100000149e-02
2.283576287800000160e-02
1.529301837500000004e-02
1.451855562900000035e-02
1.347004155400000069e-02
1.830459084200000003e-02
6.041065791400000023e-02
2.371689558600000025e-02
1.387640778199999980e-02
5.396024700200000024e-02
1.441309994699999965e-02
1.428202137299999959e-02
1.833379872499999938e-02
1.678399655599999846e-02
2.393948885400000101e-02
1.495021038500000087e-02
1.363019980500000117e-01
2.941671097900000129e-02
3.531394009700000031e-02
1.672102379500000138e-02
2.471691916400000147e-02
3.385248505900000093e-02
2.206704219000000036e-02
1.804955640799999969e-02
1.648677390800000128e-02
1.816642167699999977e-02
1.775077422600000038e-02
1.648580512799999870e-02
1.669384232299999868e-02
1.718049901599999832e-02
1.588880505700000084e-02
1.603808066199999965e-02
5.790677393000000228e-02
1.791913059499999905e-02
2.980726291799999997e-02
5.682697251800000043e-02
1.735288161700000026e-02
1.623855787500000022e-02
1.773598073400000155e-02
3.991357034700000056e-02
2.574908984900000156e-02
3.079835273999999984e-02
1.771514321200000006e-02
1.695536480300000037e-02
1.672700613799999944e-02
1.153540978500000036e-01
1.641886858400000079e-02
4.068267020699999764e-02
1.706310228999999984e-02
1.849125680800000129e-02
1.284320564800000078e-02
8.234606875699999884e-02
1.602248459800000024e-02
1.420252814299999972e-02
2.114639440399999903e-02
2.661708954700000088e-02
1.524517572900000069e-02
4.306898712499999948e-02
2.225377132200000163e-02
1.390349565599999920e-02
1.488563570800000013e-02
5.583397587600000267e-02
1.893052505500000121e-02
2.151607470699999983e-02
4.144583056500000112e-02
1.611053887700000103e-02
3.885645598799999934e-02
2.685776577200000084e-02
2.163723236699999913e-02
1.358624076699999940e-02
1.360337966200000047e-02
1.463655376099999919e-02
5.965836980099999826e-02
2.479385410199999931e-02
1.680083492099999909e-02
1.661263716799999887e-02
1.470022501500000030e-02
4.681272316500000030e-02
2.911274451599999910e-02
2.818354052800000134e-02
1.407995597500000078e-02
2.378852301500000016e-02
1.683569799700000008e-02
1.553766726599999960e-02
2.880423386299999985e-02
3.426886414299999684e-02
1.672549651500000040e-02
1.407309079399999933e-02
1.635182250600000081e-02
2.308564778700000070e-02
1.528172709499999934e-02
1.651342282999999911e-02
1.715497470799999882e-02
1.380668179599999976e-02
1.408559460399999921e-02
2.798330375899999931e-02
1.479201609299999991e-02
2.323825830499999870e-02
2.824553534199999993e-02
1.732674296299999833e-02
1.863973280599999852e-02
1.697781055899999850e-02
1.561906894499999997e-02
3.633436944400000174e-02
6.098858918800000029e-02
3.211965635300000066e-02
2.681604816199999880e-02
2.413412721799999827e-02
1.485357168299999975e-02
1.371248244200000063e-02
3.608592760099999658e-02
1.480299944000000069e-02
3.105795073400000050e-02
1.662076023000000000e-02
1.657124359599999874e-02
1.396767994799999989e-02
3.084649112299999926e-02
1.911711507599999846e-02
1.631920825300000114e-02
1.823526127300000022e-02
1.342519496499999972e-02
6.026240788099999912e-02
5.688795010600000007e-02
2.234598641399999919e-02
1.603991493700000076e-02
3.569352492399999882e-02
2.389850498799999876e-02
1.700318524799999953e-02
2.584128165299999849e-02
1.551030724299999955e-02
1.429965153599999962e-02
1.261192916999999934e-02
1.417521786400000039e-02
3.392937940400000268e-02
3.641880461199999836e-02
1.710674382600000168e-02
1.800947103399999985e-02
1.553642531600000001e-02
3.168576507100000217e-02
1.450642166200000020e-02
2.420139664600000004e-02
1.621466914199999956e-02
1.602234043500000080e-02
1.896710522700000012e-02
1.784779351099999994e-02
1.520501420199999940e-02
5.797358380300000197e-02
1.476613832100000072e-02
1.297435928999999925e-02
1.736037494499999972e-02
5.757764096899999767e-02
1.569494138099999936e-02
1.746292001300000021e-02
2.084381137200000053e-02
1.872821054499999860e-02
5.900332391500000273e-02
1.502181507200000057e-02
2.000108407399999941e-02
2.928496602099999943e-02
1.586286775299999841e-02
5.322162095300000256e-02
1.320432063100000081e-02
1.385908962300000033e-02
1.734740971000000090e-02
1.575380880499999831e-02
1.843646969999999941e-02
2.639390301099999933e-02
1.441522052400000080e-02
1.707259309500000141e-02
1.720271316200000164e-02
2.075673549000000076e-02
1.517556754300000005e-02
5.791631763900000063e-02
1.400441823499999974e-02
1.755857687699999975e-02
2.913043818299999865e-02
1.715731349599999844e-02
1.444685893899999921e-02
1.784475813299999866e-02
1.410107435899999977e-02
1.773634849499999833e-02
1.715943339499999970e-02
1.762172252899999944e-02
1.620831807699999946e-02
2.530808989500000009e-02
1.451717507000000081e-02
2.379441615699999860e-02
1.644524766400000046e-02
1.443760248000000058e-02
5.818142220599999831e-02
2.551898685199999878e-02
1.688957809400000107e-02
1.878155227100000019e-02
1.426942566100000004e-02
1.911443192699999877e-02
1.465148145299999954e-02
2.622218914999999845e-02
3.081890045999999966e-02
1.527660833000000010e-02
1.871821369999999984e-02
3.620025581200000259e-02
1.848750754400000154e-02
3.065927801299999853e-02
1.758663171499999858e-02
1.770235746600000090e-02
1.563611908599999920e-02
1.506898297800000029e-02
1.603679471299999937e-02
3.729448838999999821e-02
1.888978370400000092e-02
3.054332025300000170e-02
1.758660477400000172e-02
1.734040363200000170e-02
1.653819951800000049e-02
1.685441755000000041e-02
1.796517040199999832e-02
1.785742192999999894e-02
1.605032077999999848e-02
1.399496321499999960e-02
2.144547817800000061e-02
1.524279523500000032e-02
1.367820203399999941e-02
6.561861436599999986e-02
3.432221497699999846e-02
1.736769875599999957e-02
4.777729309800000240e-02
1.395904440999999954e-02
3.982307437100000153e-02
1.477718722699999931e-02
1.316243307600000086e-02
2.452256400800000014e-02
2.527861122000000030e-02
1.385671751600000071e-02
1.470261684100000049e-02
1.667640234899999893e-02
4.156059606299999931e-02
3.613731373699999999e-02
5.374221264299999801e-02
1.642308903800000081e-02
1.829147608200000150e-02
5.966292875600000267e-02
4.557853267700000266e-02
1.294759627500000065e-02
1.780797409000000123e-02
1.670315874999999881e-02
3.344299414500000178e-02
3.700276291000000051e-02
3.171158708900000123e-02
2.787883146599999876e-02
1.388733100099999972e-02
1.690157318599999972e-02
1.797895243599999943e-02
1.872235885900000105e-02
1.914896830400000111e-02
1.329549570600000070e-02
1.698227146500000048e-02
2.782565517900000007e-02
1.798358319200000013e-02
1.723380853900000065e-02
1.869201945599999887e-02
1.788792929500000045e-02
1.885701362600000069e-02
3.514900658000000289e-02
1.464119063800000016e-02
4.097561820600000015e-02
5.915533288899999659e-02
1.523346764500000013e-02
1.359100847099999933e-02
1.388772740099999958e-02
1.708675457999999855e-02
2.290634256800000088e-02
3.788150362900000179e-02
1.794060827100000047e-02
1.477054720799999936e-02
1.434311902799999955e-02
2.588518172300000031e-02
1.454795976399999961e-02
1.806351011399999831e-02
3.467482438899999880e-02
1.382880472400000067e-02
1.740582718299999929e-02
1.553695762500000022e-02
1.730066229999999844e-02
1.792233599200000055e-02
2.211996833899999848e-02
2.775480752200000165e-02
1.426831737100000067e-02
1.802202241999999871e-02
1.388188529399999871e-01
9.047902025899999534e-02
1.663879125599999897e-02
2.133535585300000079e-02
2.623662277900000103e-02
3.279901541500000045e-02
5.857153692300000325e-02
1.857493665600000107e-02
2.243926465799999867e-02
1.540156272399999943e-02
1.831294169099999952e-02
1.314785549400000059e-02
1.513862449099999917e-02
3.217957829600000264e-02
3.350271951400000253e-02
2.646795917700000070e-02
1.504691398200000071e-02
1.500728199200000029e-02
4.447324881599999669e-02
3.127550834799999735e-02
1.799202768499999841e-02
1.879305275099999936e-02
2.255141664799999862e-02
1.561836374699999974e-02
1.496464593300000055e-02
1.532530822000000015e-02
1.455078898699999936e-02
1.614407517099999967e-02
3.245184937500000116e-02
3.247178484600000276e-02
1.851497989399999988e-02
3.225165007999999944e-02
1.237541481899999962e-01
3.763769770900000228e-02
3.302909913399999786e-02
2.825645865099999862e-02
1.691092068299999973e-02
1.422563456900000078e-02
3.264164613799999670e-02
2.909753992900000058e-02
1.717431977800000162e-02
1.516052396500000045e-02
1.581280624300000076e-02
1.713148067800000091e-02
1.652850712000000083e-02
2.729125291300000047e-02
1.697138227900000032e-02
1.806605008299999940e-02
1.634736318199999858e-02
2.707290545299999990e-02
3.417827978900000313e-02
1.676478638800000046e-02
1.762147295999999877e-02
1.416137932000000044e-02
1.471168364099999931e-02
3.211415700100000298e-02
3.819619700600000028e-02
1.656690562199999994e-02
1.699872466999999970e-02
1.384718370299999925e-02
2.480169622199999979e-02
3.300604788400000184e-02
1.470285724499999919e-02
2.306403624600000118e-02
2.118301471400000149e-02
1.863984755000000146e-02
5.907901107300000260e-02
1.801085679300000117e-02
4.062776713699999681e-02
3.324002842900000004e-02
1.523002811100000048e-02
1.804212673200000089e-02
1.367766274499999934e-02
1.510781620400000053e-02
1.829518858500000025e-02
1.473300089100000078e-02
1.383840094100000084e-02
2.296655847600000133e-02
1.619418724500000170e-02
2.447151055199999967e-02
1.327366951800000063e-02
8.075360968500000514e-02
3.392758247000000199e-02
1.383537431000000061e-02
1.782629674500000108e-02
1.492051556199999914e-02
1.869013599600000131e-02
1.660123148100000126e-02
1.756420579900000098e-02
1.716472214600000060e-02
1.705176487799999960e-02
3.268535391099999798e-02
2.748255762000000046e-02
1.802410815900000116e-02
2.847731691699999929e-02
2.144829583199999931e-02
2.075167435799999890e-02
2.060351803700000151e-02
1.640272481699999937e-02
1.920256617399999921e-02
5.828205569000000086e-02
1.748412881499999960e-02
1.674107854900000122e-02
2.072075825600000129e-02
3.333177810799999724e-02
1.831751612199999935e-02
5.788620722699999721e-02
2.309594985499999892e-02
1.946566626299999977e-02
1.500468289199999999e-02
3.564014880199999763e-02
1.755481411599999972e-02
1.431360250600000050e-02
1.788164556400000105e-02
1.667374613800000002e-02
2.764294100399999898e-02
1.821249803400000131e-02
1.915975048199999864e-02
1.630730825299999895e-02
2.595969726899999969e-02
2.874595980999999911e-02
2.656463567799999953e-02
3.320859069499999816e-02
2.655371044599999855e-02
2.737776147800000115e-02
1.618359098199999985e-02
1.543099363999999966e-02
1.682193621299999872e-02
1.920341973800000074e-02
1.574253304900000150e-02
1.632785997099999928e-02
3.908106987300000168e-02
1.521404860800000015e-02
4.643962100900000251e-02
1.344640318699999969e-02
1.743508351800000106e-02
2.916328854900000073e-02
3.156176426800000323e-02
1.646006537900000094e-02
1.573651555200000079e-02
2.251318412000000158e-02
1.894972396399999953e-02
1.813304538899999929e-02
3.380544682600000045e-02
1.708204559599999992e-02
1.326206791100000004e-02
1.585124288900000011e-02
1.675736400800000026e-02
4.208086577899999847e-02
1.445613698600000004e-02
1.716233368600000170e-02
1.513612928999999961e-02
1.657247431399999985e-02
1.695264654800000131e-02
2.466102986499999969e-02
1.494100050099999959e-02
1.403956894100000068e-02
2.830524986299999893e-02
1.566222429799999857e-02
2.282603534400000009e-02
4.119260323499999987e-02
1.791601606199999877e-02
1.456396745299999920e-02
2.760475491500000156e-02
3.750160414999999942e-02
2.372318272299999906e-02
2.733926480900000094e-02
1.822186154999999932e-02
2.110006334499999955e-02
1.611800688599999976e-02
1.464092206100000085e-02
2.281988210999999836e-02
1.559793504699999965e-02
1.690330539199999885e-02
2.751835146599999893e-02
1.805181331000000125e-02
4.229596389299999926e-02
1.766388692400000168e-02
5.949487561399999930e-02
2.561883053500000132e-02
1.733350218999999900e-02
2.529446832799999920e-02
4.468410054400000220e-02
1.622883323700000102e-02
1.575862247899999929e-02
2.539276457599999939e-02
1.732045936600000099e-02
2.333931015599999964e-02
3.116044618299999847e-02
1.643546593899999908e-02
1.847322252600000145e-02
1.146636661499999960e-01
1.834603862699999907e-02
1.620562582599999885e-02
2.131879615499999991e-02
2.562015526499999973e-02
1.814786234699999889e-02
1.825221629300000092e-02
5.914865556900000126e-02
1.880866490000000085e-02
2.429429112300000165e-02
1.656536813899999946e-02
3.037123898200000047e-02
1.782514571599999945e-02
1.767581255499999990e-02
1.745384181299999837e-02
1.673203828099999874e-02
1.658387910099999932e-02
1.845128763800000030e-02
1.907728449400000054e-02
1.439532714700000014e-02
1.464662668100000058e-02
2.241851497399999921e-02
1.794520171000000067e-02
1.454577363799999974e-02
2.434389270199999872e-02
2.002172989900000144e-02
9.361055214300000038e-02
1.457655756500000031e-02
2.108134440899999892e-02
1.787012770400000020e-02
1.466973048699999997e-02
1.512185417199999986e-02
2.863220615199999972e-02
2.841091361699999915e-02
1.863121149899999926e-02
1.703821566800000145e-02
1.740854933199999927e-02
2.498073616400000099e-02
3.042621330899999976e-02
5.827356687799999796e-02
2.599083949599999971e-02
1.900741835100000152e-02
1.592353368199999827e-02
1.530190272399999975e-02
6.526690582499999893e-02
2.155896477199999856e-02
5.771984068600000128e-02
1.425694668500000067e-02
1.539854486800000012e-02
1.503913113099999976e-02
1.604839196300000131e-02
2.857056910600000096e-02
1.383116103599999966e-02
1.733582583199999930e-02
2.149991231899999952e-02
1.513629788100000033e-02
1.668338383799999880e-02
1.828107315399999863e-02
1.602607086000000167e-02
1.787719089300000147e-02
5.777915649300000012e-02
1.672355039600000037e-02
3.643010582899999794e-02
1.819724874100000014e-02
1.416186346400000011e-02
2.075201159899999967e-02
5.940835689699999755e-02
1.799461858400000155e-02
5.288616814799999843e-02
3.241464960999999867e-02
7.273596923399999747e-02
4.015815271099999750e-02
1.809709245999999855e-02
2.019746066299999906e-02
1.416910101400000073e-02
1.496324594699999927e-02
1.456446643000000075e-02
1.427984492399999965e-02
1.375706786700000087e-02
1.705364296800000040e-02
2.387825311699999856e-02
3.267276491900000107e-02
2.631678931999999888e-02
1.539551994700000086e-02
1.437028974599999925e-02
1.479150904300000069e-02
1.470376730599999918e-02
1.783190002400000113e-02
1.615209978499999866e-02
1.515484646799999946e-02
1.848452422700000083e-02
2.669515474399999921e-02
1.350211005500000054e-02
1.925000841300000126e-02
6.205270326799999792e-02
5.456474909999999706e-02
1.359074015700000027e-02
1.503066350099999983e-02
1.888690289000000133e-02
6.008314077500000183e-02
1.495180013299999937e-02
2.475770091499999992e-02
1.462338439699999992e-01
1.685565403800000014e-02
3.359534043100000089e-02
1.591333584300000034e-02
3.190613836500000300e-02
1.789323274800000071e-02
2.293448383399999957e-02
2.861087378800000053e-02
3.369014573700000043e-02
3.257353560299999784e-02
1.769906336100000172e-02
1.495529679300000060e-02
1.543661795000000024e-02
1.723677388700000160e-02
2.388010458699999991e-02
3.411648229099999846e-02
4.450363089800000310e-02
1.575283488200000109e-02
1.377415155199999963e-02
4.354848239999999787e-02
2.697904131899999877e-02
1.899280232699999960e-02
1.665756326999999828e-02
2.086911913700000010e-02
1.747687843699999993e-02
2.477652903699999881e-02
1.619483304499999901e-02
1.918747760600000157e-02
1.785310051300000034e-02
1.834703266300000135e-02
1.605476802699999997e-02
1.491519296199999949e-02
1.492748416499999932e-02
2.089414358200000071e-02
5.089108623900000239e-02
1.576395481800000123e-02
1.706480509299999893e-02
1.620707240800000129e-02
1.660123150399999900e-02
1.565591118700000034e-02
1.754114089899999965e-02
1.838038531000000045e-02
1.361016023899999997e-02
1.493165024800000018e-02
4.170758277699999905e-02
1.336640815000000038e-01
1.441178645599999926e-02
1.432111768500000069e-02
5.906961098199999677e-02
2.769616013000000126e-02
1.853490528200000056e-02
1.614068786700000036e-02
1.574402383499999905e-02
2.030497183699999861e-02
1.613142983600000108e-02
4.158503950499999741e-02
3.720650350000000162e-02
1.730016911799999932e-02
1.750167319500000110e-02
3.640913737300000008e-02
1.464321983399999999e-02
3.699030235399999866e-02
1.530137510500000075e-02
3.466114199800000156e-02
2.533524479599999837e-02
3.143998328599999920e-02
4.195064761399999731e-02
5.778357773500000100e-02
1.380763126100000016e-02
1.600146522000000029e-02
1.839879468000000032e-02
1.565427699700000161e-02
2.371772267500000045e-02
1.589629411300000003e-02
1.656422326299999970e-02
4.010346508100000318e-02
2.892288459299999920e-02
2.962714989100000140e-02
1.304688602499999919e-02
1.748141584099999896e-02
4.067665454000000264e-02
2.575734017899999895e-02
1.666877691400000042e-02
3.001768344199999897e-02
1.691565462900000011e-02
1.575343905600000080e-02
3.086508923599999912e-02
1.721162665199999983e-02
1.963234107400000164e-02
1.530966252299999913e-02
1.725385297599999965e-02
2.399509491300000005e-02
2.823765091300000155e-02
1.556806477999999987e-02
1.688200171800000038e-02
1.389859814600000014e-02
1.446549477699999968e-02
5.961932946199999944e-02
1.318568162500000085e-02
1.430553929800000047e-02
2.442463596500000014e-02
1.523597240499999922e-02
1.699564822299999903e-02
2.498432587500000121e-02
1.435037601300000014e-02
2.656608775100000042e-02
1.672146901899999871e-02
5.797083576599999788e-02
1.882530477700000010e-02
4.188640037900000224e-02
1.928976200999999932e-02
1.663880181299999886e-02
3.857654303000000034e-02
3.576200838000000160e-02
2.529838285100000084e-02
5.685725647800000254e-02
1.407247909899999976e-02
1.721774375500000065e-02
6.120263248399999967e-02
1.689635170400000108e-02
1.797878784700000093e-02
1.605380791199999962e-02
1.341284427200000080e-02
1.468343107199999997e-02
3.759462187100000297e-02
1.340898273799999950e-02
1.572249147499999930e-02
