6.778988954600000394e-01
7.017502380000000262e-01
7.438445805900000263e-01
5.707695782899999681e-01
9.349537184699999726e-01
7.009127824299999920e-01
8.227120987499999538e-01
7.502035847300000393e-01
7.557204357900000335e-01
6.613999087199999849e-01
8.621185859100000126e-01
8.916511171100000022e-01
6.892739410799999522e-01
7.121654858100000540e-01
6.248365257000000339e-01
7.730154179799999525e-01
7.202321834999999561e-01
8.379463500199999526e-01
6.618289427200000352e-01
7.891558842300000487e-01
7.778389702500000391e-01
8.316374881000000441e-01
7.880994615399999903e-01
8.164608678400000485e-01
5.105069279199999643e-01
7.633900585699999741e-01
7.876485617299999742e-01
8.786972904600000023e-01
8.633069928900000134e-01
7.466863695700000081e-01
6.612713668999999905e-01
8.547587170899999531e-01
7.626716038399999897e-01
4.795763316100000173e-01
8.549812794700000218e-01
7.954905883699999736e-01
6.987780887500000260e-01
7.632484467000000272e-01
7.559805198600000331e-01
9.054667461099999981e-01
5.805229834199999717e-01
7.419269756099999835e-01
8.250839416799999881e-01
8.367200634500000511e-01
6.473817558600000188e-01
8.000715170700000156e-01
8.515107507300000433e-01
7.779674206600000197e-01
6.982771481099999678e-01
6.194614345000000188e-01
5.933565198500000415e-01
7.598537909900000553e-01
8.274618798299999689e-01
8.049662201499999670e-01
6.410616928000000270e-01
6.657809097400000375e-01
8.771707934900000447e-01
8.666327737200000270e-01
7.831805587900000365e-01
8.466254096399999929e-01
8.035322566000000499e-01
5.616007806899999677e-01
9.088558360199999742e-01
8.808916779100000038e-01
7.686628838200000313e-01
5.888680836199999824e-01
8.130454722600000128e-01
8.453949007500000112e-01
8.166732305699999639e-01
8.911295448999999591e-01
8.256773931999999983e-01
6.168079706200000345e-01
7.560160748099999939e-01
8.038134733599999748e-01
8.573455022899999500e-01
8.599798587400000471e-01
8.490883190900000432e-01
7.981358932400000050e-01
6.601888847200000354e-01
7.549353243199999897e-01
8.446361586399999677e-01
7.414447169100000234e-01
7.805409422000000319e-01
6.550919233099999905e-01
8.537399333299999782e-01
7.665051129100000082e-01
8.992900271899999520e-01
8.838753006699999748e-01
8.711621858300000465e-01
8.189737430800000384e-01
7.216067933399999967e-01
8.473595492900000137e-01
7.629067349799999453e-01
7.517755676399999754e-01
8.413269081399999960e-01
7.930820683799999493e-01
7.698576755599999544e-01
8.798417226500000465e-01
8.450048215600000079e-01
8.227259205200000425e-01
4.980509114500000223e-01
7.305280468999999499e-01
5.357119412899999933e-01
7.697503531099999519e-01
8.128634217700000386e-01
5.144785773900000247e-01
8.292275132399999915e-01
8.605537795300000070e-01
8.394829055800000495e-01
7.472950366399999655e-01
8.354905513000000505e-01
6.536789701499999827e-01
5.917848194100000514e-01
6.509093656500000158e-01
7.949442635600000306e-01
7.362401458099999685e-01
8.323615751899999804e-01
8.388597168200000453e-01
7.707015591200000459e-01
6.696719173099999756e-01
4.689433389700000121e-01
7.446668644199999632e-01
8.473983025500000377e-01
6.975113685199999525e-01
8.876882400200000189e-01
7.889531068999999786e-01
7.579231871799999576e-01
7.011832919599999547e-01
8.791310002500000165e-01
8.465355587099999690e-01
7.885505435799999852e-01
6.386713689099999813e-01
8.881842770000000220e-01
5.780430705100000344e-01
6.774036409200000497e-01
8.737927410800000461e-01
7.779551542100000550e-01
8.711096959099999815e-01
7.469295357299999827e-01
7.458987292200000008e-01
8.260314229299999811e-01
7.927246931000000441e-01
7.982399389100000020e-01
8.208463769099999530e-01
8.935128562599999880e-01
8.053536499200000254e-01
7.313432446300000001e-01
7.823110799300000417e-01
8.387385125899999849e-01
8.605127302999999728e-01
8.979623637500000477e-01
7.444811375200000025e-01
8.557249578100000198e-01
8.173029014099999490e-01
7.752068795300000037e-01
6.287672882100000527e-01
8.260990431600000461e-01
7.251760502199999792e-01
5.304211922199999485e-01
6.501083446800000054e-01
6.459074274599999610e-01
8.558253458300000283e-01
5.105809914600000221e-01
8.214767526899999783e-01
5.995374688000000285e-01
8.504884294000000233e-01
6.424866351700000422e-01
8.484120659099999573e-01
7.580904863799999838e-01
7.394994348900000292e-01
8.071331591899999491e-01
4.605715418299999864e-01
8.599153046299999881e-01
8.539994693000000359e-01
7.132564579500000335e-01
7.766086386499999605e-01
5.912448293299999991e-01
8.418031276499999827e-01
8.805136403500000153e-01
8.939180003200000169e-01
8.940126273799999801e-01
6.635436495700000048e-01
7.879899803900000110e-01
7.418372570100000285e-01
8.299105960899999523e-01
7.532376902199999780e-01
8.646351259300000258e-01
8.323231641999999653e-01
8.745671873300000509e-01
8.154716821199999854e-01
8.516290294299999619e-01
8.468072973800000458e-01
6.502971459399999876e-01
7.465288419700000233e-01
8.603623917899999585e-01
7.672994413500000555e-01
7.745949245300000063e-01
8.826830937999999849e-01
5.294345584699999829e-01
7.963845064000000251e-01
7.765422627400000444e-01
7.559202410499999969e-01
8.827195415099999831e-01
7.587564954200000100e-01
6.901931554200000374e-01
8.344545666599999523e-01
7.895542343900000537e-01
8.122660272299999651e-01
4.742934484699999897e-01
6.869060430000000217e-01
7.582460439599999491e-01
4.802683350399999940e-01
8.112781756800000466e-01
5.333369749399999860e-01
8.369065808100000226e-01
7.546817900300000215e-01
7.873727202800000491e-01
7.470944658000000516e-01
8.424498648999999562e-01
7.874792218599999671e-01
5.982054332299999722e-01
9.027258100999999701e-01
7.721884884099999846e-01
5.941885826199999610e-01
6.498014285200000018e-01
8.123551846600000070e-01
6.919972545300000499e-01
6.475976860000000057e-01
7.508686074100000551e-01
8.639882343400000497e-01
7.331210300099999522e-01
6.671659814799999477e-01
6.262870860300000508e-01
5.657067685800000190e-01
7.249737293600000410e-01
8.007457802799999858e-01
8.379892638100000513e-01
8.189607269499999953e-01
6.754948362299999509e-01
7.522572587800000488e-01
8.342082079599999478e-01
8.579254719400000173e-01
8.756848744599999845e-01
6.586474330299999513e-01
7.021749393199999689e-01
6.782090235600000128e-01
4.987849085300000151e-01
7.967431396499999874e-01
8.604393853899999778e-01
7.623971483100000501e-01
6.825434662699999544e-01
7.977182454400000289e-01
6.943472699199999543e-01
8.975751759400000251e-01
8.511231407299999496e-01
8.869094868400000387e-01
8.974815394999999807e-01
7.843175345399999721e-01
8.872400142399999856e-01
8.975371956800000106e-01
8.745174493499999757e-01
8.561815221299999834e-01
8.373185625800000365e-01
7.847575825000000505e-01
7.126633568400000396e-01
7.294145508999999583e-01
6.924437614399999719e-01
8.657208388099999485e-01
8.807923958300000189e-01
7.853193621499999777e-01
8.692516728400000448e-01
7.358089280599999782e-01
7.664454558200000100e-01
6.999167901699999694e-01
7.378232872900000183e-01
7.884694322099999875e-01
6.247089964199999956e-01
9.048606116199999772e-01
8.010571531000000300e-01
8.879636141600000254e-01
7.888633115299999998e-01
7.772827945100000413e-01
7.888090330800000549e-01
7.868939795199999532e-01
8.758952847800000052e-01
8.397643748999999991e-01
8.468949354500000526e-01
8.092057370799999871e-01
6.837555650400000129e-01
7.167183926400000349e-01
8.131310789400000294e-01
7.093359254800000180e-01
8.150366738300000025e-01
7.305711826699999856e-01
6.581736455200000169e-01
5.332316759599999845e-01
8.891741478000000365e-01
7.120757010699999556e-01
8.489868226900000314e-01
7.725404008399999745e-01
7.680130581999999873e-01
6.411865806000000001e-01
7.142306422799999943e-01
7.744714883300000130e-01
9.047201763100000127e-01
8.244697737599999687e-01
9.015037758699999682e-01
7.993422040400000039e-01
7.853625771100000152e-01
6.827668722899999931e-01
7.998676135700000245e-01
8.820890491099999675e-01
7.934154887600000094e-01
8.225050293700000292e-01
8.731619120600000450e-01
7.804771435699999760e-01
8.372841034200000365e-01
7.806466626900000483e-01
7.829312491400000074e-01
7.994850469299999984e-01
7.347553467999999866e-01
7.406642884599999865e-01
7.388085603499999765e-01
7.922430528299999608e-01
8.515586728099999725e-01
7.712953106900000133e-01
7.135302946299999505e-01
8.128528120500000398e-01
7.620591223999999553e-01
8.716203892799999631e-01
6.479865334600000137e-01
7.890097870600000229e-01
7.600280752300000442e-01
8.579163929299999936e-01
7.981779515500000421e-01
6.216413839500000149e-01
6.637474676100000304e-01
8.477666793900000552e-01
8.566643649299999774e-01
7.238906892900000001e-01
7.403808116200000233e-01
7.929683772200000202e-01
8.017910786699999903e-01
7.969103813900000333e-01
8.733247646299999722e-01
7.550978067800000471e-01
7.730213046099999596e-01
6.491726504899999473e-01
7.645595021800000168e-01
8.965585073799999805e-01
7.520139484600000257e-01
7.865008146999999950e-01
7.688043636000000403e-01
6.912886761099999999e-01
8.835693977099999818e-01
3.922209702400000220e-01
8.856374351100000375e-01
8.549479487600000205e-01
6.058615222100000031e-01
8.929352162500000523e-01
5.080751224799999743e-01
6.603529183499999844e-01
8.654265688300000203e-01
8.449293370499999511e-01
5.004304561300000342e-01
7.630055195099999521e-01
8.566182323500000084e-01
6.160098400100000315e-01
8.243099087599999875e-01
7.169877656900000007e-01
8.888969585299999476e-01
6.592153452100000255e-01
7.336829680599999959e-01
7.615330416400000191e-01
7.137120291299999808e-01
7.741097490099999590e-01
8.903162895499999729e-01
7.755029023499999674e-01
4.443725390900000183e-01
8.166249540500000181e-01
6.654435657099999624e-01
4.412811214899999834e-01
8.457718186799999538e-01
8.309432107299999926e-01
7.833682537599999662e-01
7.919614292100000119e-01
8.868638491300000481e-01
8.581004949799999615e-01
8.652987291399999448e-01
5.697310004200000222e-01
8.456559172299999982e-01
7.259157840500000125e-01
8.365591471100000120e-01
7.710483920999999796e-01
4.137461018599999929e-01
7.467871801800000098e-01
8.691579329999999937e-01
8.794138081000000273e-01
7.801614670900000048e-01
6.860955236500000387e-01
7.250092818000000161e-01
7.884774990899999780e-01
8.790888959099999456e-01
8.552801892200000422e-01
7.493291941899999919e-01
5.902621666299999736e-01
8.688141266300000165e-01
8.110260171900000037e-01
8.980250751099999595e-01
8.920706842300000217e-01
8.592109963899999814e-01
8.721702380800000487e-01
8.025076555900000352e-01
6.698787308000000440e-01
8.706656870300000239e-01
8.074990637100000201e-01
6.342857824400000011e-01
7.542513857999999516e-01
8.820112735199999721e-01
8.280764056599999590e-01
8.236643736900000068e-01
7.597648468700000102e-01
8.277120095200000138e-01
8.407501593799999728e-01
8.201275839599999617e-01
8.215967647599999868e-01
7.295511102499999678e-01
7.605218179599999573e-01
7.560688408900000379e-01
8.189930637300000260e-01
8.269086866799999491e-01
8.013875388000000211e-01
8.891555495699999812e-01
9.211182347899999900e-01
8.051442177900000052e-01
8.561437467500000453e-01
8.118811096900000468e-01
8.226593215899999922e-01
6.291520962100000114e-01
7.730296854099999448e-01
7.836797942300000042e-01
7.201506642699999627e-01
5.304479941399999898e-01
7.733176862399999685e-01
7.556666472099999865e-01
7.385767142200000412e-01
6.615011105400000480e-01
7.887476808400000206e-01
6.555034967499999699e-01
9.092221624299999805e-01
7.110157732699999844e-01
7.376267565799999870e-01
7.655256476599999749e-01
7.545971150400000438e-01
6.100622708699999786e-01
8.411117387400000034e-01
8.277075340499999712e-01
7.528917485699999634e-01
7.920900511999999782e-01
9.208400818899999951e-01
5.979118344999999612e-01
7.858774332700000365e-01
8.317580105799999846e-01
7.805914067000000456e-01
5.129914557700000488e-01
6.958280610399999455e-01
8.402308072099999858e-01
7.848835549699999525e-01
8.116464954400000043e-01
7.906038041199999755e-01
8.466748651300000095e-01
8.037872968799999462e-01
7.892021264899999888e-01
8.557191168800000192e-01
8.260086040699999854e-01
5.813541983400000168e-01
9.091282316200000047e-01
8.931183013700000339e-01
8.776848100699999877e-01
7.850338549900000018e-01
6.325729733099999530e-01
7.884694948899999556e-01
4.988192722299999993e-01
8.868846891099999574e-01
7.261953221800000469e-01
8.385852157400000007e-01
7.329741919300000186e-01
7.867865396700000069e-01
8.007286028900000296e-01
6.565213656399999653e-01
7.575940936699999684e-01
8.266339026500000298e-01
7.376809702100000088e-01
7.889562251499999679e-01
6.415119469600000235e-01
8.391381361399999905e-01
8.695226874899999459e-01
8.727807386600000550e-01
7.657411572200000238e-01
8.509605395099999470e-01
7.872040990199999921e-01
7.406045838100000500e-01
8.516914447000000221e-01
7.355182435799999530e-01
8.368034555200000169e-01
8.054873353000000513e-01
8.202721138199999817e-01
7.693270226699999714e-01
5.598122726699999996e-01
6.902366946500000378e-01
4.910216629599999938e-01
7.988247645299999533e-01
8.569223696100000121e-01
8.170513239700000208e-01
7.833491063399999899e-01
6.922854644300000526e-01
7.909007335300000108e-01
7.156218775099999485e-01
7.811089821200000172e-01
8.985356411699999546e-01
7.750101584399999854e-01
8.226800767899999922e-01
8.211884158100000164e-01
8.132200522100000439e-01
8.469399276100000318e-01
8.286458131199999633e-01
8.404340261099999543e-01
7.740103368999999844e-01
8.039479979200000459e-01
8.067151208099999637e-01
4.283827585500000201e-01
8.675401454200000195e-01
7.346075750799999637e-01
8.147704685300000138e-01
7.590933693100000434e-01
7.755796864999999762e-01
6.870987692300000171e-01
7.680613115600000151e-01
8.011609053499999522e-01
8.714417452299999534e-01
7.764532110899999839e-01
8.453109944000000153e-01
8.878939525200000293e-01
8.679266873400000026e-01
6.293495278399999782e-01
8.308701655500000394e-01
7.232149783300000356e-01
7.898314508899999531e-01
7.708122392899999786e-01
8.986961306499999802e-01
7.610192525900000282e-01
5.205143160399999802e-01
7.845784654399999836e-01
6.183900013499999959e-01
7.855464223400000501e-01
7.293595158100000253e-01
5.805270759799999736e-01
8.124450755600000074e-01
7.588757587300000163e-01
8.708903583899999523e-01
8.517245528800000409e-01
6.836322776600000095e-01
7.272015018699999889e-01
7.607074197800000048e-01
7.021479040500000490e-01
6.450379646199999595e-01
6.998249268599999739e-01
7.994427473299999809e-01
8.861209791599999885e-01
8.327692694399999596e-01
6.061510797300000419e-01
6.732256838600000348e-01
8.759837361900000285e-01
7.523449516000000337e-01
8.883649094900000209e-01
8.966149573599999645e-01
8.952374798500000175e-01
8.709109368999999878e-01
7.705995156999999596e-01
6.412613898100000265e-01
6.961587708299999955e-01
8.076704381100000552e-01
8.573073086800000464e-01
6.862789289799999803e-01
8.364699423700000525e-01
6.922321609199999504e-01
6.624820585899999781e-01
8.699178625100000284e-01
7.240914256799999560e-01
8.277541795199999664e-01
7.363296289199999789e-01
8.130420912900000463e-01
7.867108750600000366e-01
8.102997442899999569e-01
9.056253315600000242e-01
5.638345960899999731e-01
8.237274613699999692e-01
7.273259943100000013e-01
7.979744145499999552e-01
8.980517291999999818e-01
8.370555708200000389e-01
6.680547065599999890e-01
4.997976184299999791e-01
7.243828666199999544e-01
7.653386766799999963e-01
7.896098713200000452e-01
9.155989387699999815e-01
8.636498363200000306e-01
7.770131658000000163e-01
7.793375563500000158e-01
8.575005300100000394e-01
8.210522398899999796e-01
8.178767868199999791e-01
6.653369459100000327e-01
8.195660603400000133e-01
8.973227616500000225e-01
9.011139431900000440e-01
6.725061518299999541e-01
7.623267514799999534e-01
7.581274295300000077e-01
8.855158146199999525e-01
8.204051451499999592e-01
9.032139319799999955e-01
8.318952670700000551e-01
8.036734080899999855e-01
8.912130564500000407e-01
6.533040087999999468e-01
7.889671853599999896e-01
7.898980301600000420e-01
6.857283892300000128e-01
8.330908522600000143e-01
8.198140602500000318e-01
6.589862445699999904e-01
7.342787767399999721e-01
5.393511372699999473e-01
6.991414464699999831e-01
9.288904644100000052e-01
6.900356849100000023e-01
8.115103017100000482e-01
8.095183121800000325e-01
8.544440881499999474e-01
8.172180092699999898e-01
8.444090598500000322e-01
7.774415779000000137e-01
7.677802994300000350e-01
9.198203007199999837e-01
8.791244518199999858e-01
7.346361079000000016e-01
7.683312128000000518e-01
7.354392703800000097e-01
7.385269326300000214e-01
7.591561830999999927e-01
6.364715216399999820e-01
8.126419610099999691e-01
7.866584783400000225e-01
5.374167941299999862e-01
7.707767562099999692e-01
9.178576969299999666e-01
8.753992977400000264e-01
8.098585597899999877e-01
6.922005117699999710e-01
7.938710458100000089e-01
6.316309439499999678e-01
6.455132828599999817e-01
7.767924074299999981e-01
6.292925709300000170e-01
7.319796743399999972e-01
7.723944433899999629e-01
7.888427180599999478e-01
7.424015951300000360e-01
5.650824237899999547e-01
8.273566258600000278e-01
8.066851023400000154e-01
8.252743480799999976e-01
6.848182160300000376e-01
7.734720725899999483e-01
7.451811389800000462e-01
7.771815456399999711e-01
5.509805550699999888e-01
8.284950280399999700e-01
5.329386681000000126e-01
7.876647064199999715e-01
8.809102208400000356e-01
7.016834500999999946e-01
8.753497940600000193e-01
8.159354716900000248e-01
8.464985468200000307e-01
8.432508946300000252e-01
8.555210094799999831e-01
7.817606403200000331e-01
7.327974452900000157e-01
6.257914777499999914e-01
7.806853179699999590e-01
7.919716851900000520e-01
8.894158689900000248e-01
7.476820873899999720e-01
8.078071035299999592e-01
7.825640374500000274e-01
7.858150351599999528e-01
7.771045686099999905e-01
6.080914746800000215e-01
7.433354468099999668e-01
7.861869368499999622e-01
5.479855965100000059e-01
9.097988770599999553e-01
8.314707461800000532e-01
7.819094906300000369e-01
7.293315615000000030e-01
7.989638192600000410e-01
5.570952507899999961e-01
8.924710341299999516e-01
8.986506029399999873e-01
6.122914482200000341e-01
7.513785186500000490e-01
6.503637356700000538e-01
9.008499493299999550e-01
5.188682557599999523e-01
6.720974912699999582e-01
5.609737087299999647e-01
7.033666653300000293e-01
6.498675748900000215e-01
8.350206705099999516e-01
8.497812355899999615e-01
8.407891493400000416e-01
7.927929676599999587e-01
8.321690791800000486e-01
6.232099768800000161e-01
5.616609719599999773e-01
8.607523875600000540e-01
7.832918724599999827e-01
6.930875780399999853e-01
7.757441236300000043e-01
7.550304464899999513e-01
8.363064314400000532e-01
8.215349002099999742e-01
6.347308574600000197e-01
7.930077791899999839e-01
7.738461676000000233e-01
7.022272013999999452e-01
7.599150323800000217e-01
8.030561418499999604e-01
7.125140735499999600e-01
8.866366832800000042e-01
7.649504099199999629e-01
5.369207667099999970e-01
6.857531253199999899e-01
8.115589976799999494e-01
8.242056580200000093e-01
5.346593548100000426e-01
8.562393405699999516e-01
7.209264150699999929e-01
9.033560526799999657e-01
7.529955316699999956e-01
8.579390713600000273e-01
9.134555986100000302e-01
7.575717757000000052e-01
4.854344769899999745e-01
7.836296654600000133e-01
7.306039469299999700e-01
6.508101549600000535e-01
8.536960143599999773e-01
8.032690482700000079e-01
7.698915722100000414e-01
5.896611958899999895e-01
8.939370545899999465e-01
7.914343564100000394e-01
7.575477330100000017e-01
7.968547800999999930e-01
