9.166778221326314924e-01 2.381738573041378704e-01 2.281260669628815130e-02 4.892577669391752204e-01 2.561986039229556811e-01
4.844426403580651685e-01 9.752585973559091403e-02 8.439077710758039474e-01 9.315268444147991600e-01 5.298450596954744629e-01
3.299444454841604646e-01 6.419344727066536027e-01 7.682091502695326257e-01 3.305157493244357259e-01 7.787091506192846957e-01
5.537856949933772643e-02 1.635257660365737609e-01 5.191141953242194296e-01 8.384778470329872224e-01 8.722798815574460685e-01
2.514004235818108057e-01 5.083102106263812647e-01 3.293055173971073391e-01 7.537166152183574219e-01 3.797545944339613122e-01
1.031406020617376962e-01 4.361696101999537056e-01 3.744594022459912797e-01 4.919261682777865685e-01 7.470912813271366471e-01
2.899355612597035448e-01 8.181249536272261480e-01 2.663551768675799236e-01 6.547868832244890802e-01 5.575095533481657650e-01
7.364929965791244815e-02 8.289807288147719166e-01 1.365618268165336158e-02 8.818144563458474305e-01 3.218909925924503534e-01
3.919180934689320273e-01 5.591521474223233312e-01 7.956214154565310892e-02 9.271640741518784035e-01 1.687869990215488114e-01
6.006358206567778968e-01 6.338933683092249360e-01 6.237189691809326142e-01 4.610216450455778547e-01 3.681540440572300676e-01
2.035113201104953307e-01 3.745733479627955109e-02 9.188337033285894906e-01 9.560515411743175651e-02 6.017493526288648642e-01
3.685393597533445087e-01 4.766313250707393534e-01 6.154986772661023009e-01 2.889871307185152283e-01 7.425587067412128262e-01
8.506783443816867685e-01 2.031273294761155590e-01 6.032189089126409609e-01 2.292005686556377597e-01 6.081594716841699499e-01
8.768171646030431532e-01 2.650430978203613952e-01 7.320187028812296104e-01 1.466571583628538678e-01 2.014221028841101102e-02
5.248989896181901482e-01 5.753657764258239826e-01 4.062473554315865210e-01 1.159456001731229424e-01 7.524701482050726309e-01
2.004952836523944404e-01 9.938714410573556979e-02 3.932148747680779266e-01 1.031034878306451574e-01 5.307543489286418170e-01
4.774051059034811750e-01 4.176201622252939671e-02 1.994680952477191349e-01 5.666979183184857050e-01 5.512145401849463111e-01
3.553666084150914894e-01 6.599747581460828627e-01 7.493907236429881991e-01 9.338038091712587141e-01 4.911216505894824280e-01
7.375394497458420684e-02 4.786215696958232568e-01 9.797365174789364195e-01 1.952787444461434596e-01 2.635812606444014605e-01
1.645717936706944107e-01 4.046514216595265001e-02 3.866148621201614954e-01 7.808404296330373473e-02 2.255527470802213275e-01
7.189491087676875836e-01 1.937427353705186706e-01 4.080393729344493625e-01 8.212881448144015994e-01 5.352924393585392071e-01
3.911298139732586332e-01 9.019764724352031804e-01 2.613338863860588113e-01 1.903430101654749462e-01 7.418129742879947530e-01
8.359581091476934178e-01 5.055181381069503432e-01 8.699171283699536072e-01 1.300209941045916695e-01 1.299260832397924892e-01
6.042453411286730081e-02 7.488051394167272168e-02 7.898578759076180233e-02 9.272663509560271633e-01 9.572788668657075117e-01
3.155974000535786139e-01 3.855172527702923624e-01 3.328111389073902249e-01 8.745874565946076817e-01 7.314638015289771644e-01
6.081036808122132209e-01 6.757075052053074238e-01 5.714419288305371269e-01 6.665106522690591451e-01 6.805146200349878605e-01
4.383534052984352503e-01 3.592618021483852120e-01 2.034853157431195658e-01 2.737634461450932921e-01 2.256640347965018778e-01
3.460613440509034966e-01 6.826862635233039711e-01 8.889592084061402888e-01 3.782513728100433958e-01 5.568331309280146746e-01
2.449166455649016694e-01 2.283238442775633592e-01 6.938954033679589628e-02 3.018527130389641044e-01 9.506344801320345539e-01
5.370619249524075656e-01 7.841006989908767544e-01 8.993510259315817823e-01 9.040842347394787426e-01 7.080901608827184779e-01
3.944751322337487487e-01 1.455616493246235654e-01 4.216494565901532932e-01 6.753839277113210526e-01 2.498881512806481187e-01
8.674167136561894420e-02 4.029008117947865397e-01 4.249496839787715308e-01 8.039788086280643675e-01 7.460883128483517535e-01
4.372449371299718113e-01 9.520552808364665109e-01 3.514201222842382455e-01 2.425078858689410088e-01 1.892726231875909715e-01
9.446124795887662629e-01 8.489812455767150601e-01 7.144263163540727213e-01 9.365159114076506697e-01 1.994900560488513941e-01
9.000987066198962161e-02 5.757538622022201347e-01 1.418014086850577504e-01 8.875233021561601543e-02 4.114344209930268503e-01
6.369698187760119978e-03 7.896463452856841148e-01 8.096529487400351277e-01 6.230697962839735204e-01 7.497591968086246839e-01
7.466924832613737184e-01 2.779501452540026341e-01 6.156266919314219432e-01 2.393376407064201628e-01 9.174379811514246086e-01
7.941521402210810487e-01 5.458373541267096396e-01 2.561501873149415465e-01 9.890356465509431150e-02 4.067746067519573128e-01
7.121832018904126205e-01 3.595804108178901615e-01 3.713066458794664904e-01 9.573375468454393689e-01 6.481579205372778318e-01
4.808417558077174858e-01 4.450091065785332090e-01 5.980989714742637187e-01 3.639250744407603877e-01 1.701781782401712295e-01
5.734851868761541294e-01 8.032591535791993032e-01 1.446424503592380617e-01 1.955786133064287835e-01 6.741240121988271161e-01
1.242095143637248489e-01 5.897467216867924300e-02 3.439327147423912878e-01 4.879595486546951522e-01 2.638604087839847567e-01
3.194593596919439449e-01 9.828755962305892879e-01 3.941458685263660167e-01 6.984228037765126684e-01 2.883871871189359615e-01
8.577703857970558898e-01 9.668404925822998708e-01 6.538241599059501086e-01 3.131848071670023659e-01 9.775541520836709131e-01
1.044299272535166301e-01 1.289355450886475740e-01 4.304251411155102236e-02 8.474914961432314930e-01 7.802768695113387887e-01
2.180140346670553786e-01 5.389995440205261890e-01 9.119777547315524036e-01 9.883304210710636140e-01 1.287834762467197081e-01
6.483609816840608664e-01 3.241403777043405654e-04 7.330298579608750531e-01 3.674811486707696417e-02 1.353471233969705256e-01
5.866330264240109393e-01 4.088061093216355246e-03 3.398611349451619024e-02 3.700204444004882021e-01 7.012130961180229605e-02
7.851398413881536253e-01 5.701668982679225506e-01 4.275884006239888402e-01 8.490366163315202774e-01 5.180955774486629695e-01
6.772418597311916644e-01 2.979768418418331510e-01 5.223824697200982747e-01 9.242000069413691676e-02 6.520861074002045621e-01
1.109141595176186268e-01 4.126581820182484428e-02 8.722544413384744066e-01 4.673902752042217168e-01 8.969843478135741677e-02
4.817398418739273769e-01 8.769945235479862378e-01 7.864700242913098549e-01 2.747385394202519482e-01 4.397890981561378698e-01
8.763251262746756254e-01 2.704142895516455924e-01 8.160060806304170189e-02 3.791871348430362332e-01 7.618592216133508455e-01
1.597819571442671283e-01 4.967487855574288513e-01 2.525794011218931434e-01 4.608060703913433587e-01 3.629688703408816552e-01
2.396199097120375043e-01 8.596066880610295780e-01 8.139887276575830111e-02 7.099524264865211265e-01 9.394265216847197397e-01
4.249435570344661794e-02 7.061815295714638507e-01 9.560842559799110907e-01 6.325171017956116026e-01 3.687556837461315462e-01
1.705096786287559896e-01 6.780209113435906598e-01 7.260334326368146352e-01 8.852638948276992936e-01 5.916318518271410642e-01
5.622221944767553659e-01 3.789294144324361069e-01 7.614526539282659989e-01 1.031237337687701539e-01 6.129655649517642413e-01
9.104477403058495177e-01 8.793054404385783895e-01 5.413118257084537088e-02 6.792084361263946990e-01 3.401221333204624830e-01
7.089886584329002650e-01 7.993125876338069702e-02 2.790431118070525462e-01 3.854090182675448117e-01 4.362067261345454749e-01
7.121947336949350227e-01 8.151895366483453698e-01 2.468057741162286156e-01 3.836903017035995234e-01 9.477494300288008544e-01
3.900695639405221682e-01 1.467888246094688487e-01 2.062201330727606585e-01 4.938881752220107835e-01 6.186187639264758564e-01
6.051154731304969614e-01 5.135696161582625763e-01 2.987002983897060204e-01 3.552700378067763509e-04 3.580076931159883458e-01
5.797605962690224324e-01 2.511136804115582377e-01 7.243010421215264616e-01 4.028689277624086795e-01 3.993627016927511209e-01
5.305207416133292941e-01 6.727047433800299459e-01 7.346070657490066935e-01 3.506217722433068174e-01 2.555284745080821374e-03
8.732325966555593011e-01 9.574344796153749781e-01 8.011668546878909503e-01 9.674610471774948151e-01 9.290189252532115027e-01
2.952266217517343083e-01 5.440767264129979797e-01 3.544401219454001994e-01 7.721339129940399948e-01 7.440477536010187132e-01
4.415196180178474483e-01 4.408913385708641552e-01 2.600357053642979865e-01 7.174013071282107079e-01 2.844071322390985257e-01
7.204692833615685688e-01 1.844172625408261323e-01 9.161010294184731562e-01 5.531148124033907765e-01 6.612099756080092039e-02
9.636784388467128926e-01 9.755850948928628252e-01 1.227841462476189083e-01 7.077033349254686634e-01 3.400843898802570209e-01
8.252565941238221292e-01 8.370676791240215797e-01 9.917614892508836988e-01 5.125635023822794345e-03 1.763947065910742573e-01
7.182657898326845203e-01 3.067991437719030934e-02 2.977030716134555499e-01 5.168874526848624695e-01 1.136306639839831378e-01
5.918442734972780839e-01 6.777176877260215893e-02 8.141668006851487949e-01 4.633734795256616579e-02 8.774236107476383051e-01
8.272790554411892927e-01 4.421663231307224606e-01 2.462650121250579138e-01 5.695716277186050336e-01 6.081591844019227366e-01
1.701369908822258914e-01 9.111027171919406920e-01 7.569272767999513096e-01 4.119741919290927923e-01 3.644317055280292816e-01
6.884857935147821184e-01 2.466469671936066810e-01 9.069467414283725049e-01 1.069066351677461224e-02 2.906598322294581260e-01
8.757214499490983961e-02 6.953430081567812948e-02 8.231876505582391701e-02 9.484181906171054166e-01 1.266436447385510533e-02
1.457598591225688356e-01 4.255532447677317087e-01 4.849008342897285218e-01 4.598626784711695725e-01 8.144905197665561758e-01
2.171205106864039225e-01 6.395556472317206476e-01 5.135754237919993859e-01 9.360152666391612364e-01 7.891711260535755335e-01
9.764077750180490956e-01 1.718603940766451066e-01 8.695246109306787874e-01 5.612571848608073344e-01 5.485354094141884351e-01
1.940254613586941401e-01 9.258730998579220994e-01 8.985659347045705792e-01 5.181935718297289162e-01 7.549906381385862453e-02
1.528818243767992024e-01 1.641763151037687329e-01 9.445698697575047875e-01 8.356294713337929503e-01 3.854478008768887909e-01
3.900053502500357983e-01 7.445070456242794954e-01 8.563004203449267049e-01 4.562604873542942530e-01 8.791727953840063892e-01
5.087402443075202951e-01 3.466239789381870828e-01 7.984301225690648707e-01 6.939374314274060485e-01 1.334612277989540852e-01
7.589917849203322575e-01 6.429624573417873634e-01 8.069441159612579240e-01 7.285575618514873453e-01 8.474052885899842069e-01
4.160543134388489106e-01 3.867775788160833228e-01 6.553335972509751750e-01 5.179143007231818974e-01 8.866821583173950527e-01
5.780762221176807270e-01 5.411712168451214833e-01 3.838195645521715882e-01 1.075894802653831750e-01 8.259635354622881787e-01
1.485330486538816164e-02 2.036609353554141855e-01 1.122410080818379008e-01 4.605642466121651069e-02 5.109790056525242985e-01
5.204522801328502757e-01 5.436977556111122212e-02 2.501740218552602757e-01 2.005601702024119026e-01 6.482317180990899708e-01
7.506796514595293068e-01 4.789437576439741218e-01 2.849691809963328382e-02 8.448460750398512076e-01 4.926956205793533439e-01
3.517241005687676836e-01 4.967666451584962228e-02 9.213036022253747737e-01 1.061950731885863419e-03 4.709807655735673837e-01
9.741859209678037645e-01 9.239439520476195877e-01 3.744453262161276941e-01 5.378070740241004399e-01 4.506997144016606782e-01
2.895869530489378896e-01 2.652809112372611633e-01 6.206883107876204342e-03 9.007083008673588687e-02 7.601921156833736370e-01
6.375927503776602778e-01 5.806556444175993148e-01 5.315080187912799570e-01 2.245685135683783695e-01 8.990863407593630008e-01
3.931980683280548172e-01 4.158596615174400268e-01 6.425360589970400271e-01 9.942606578564545661e-01 5.007828426595640758e-01
8.557445213488016345e-01 7.584835636161353367e-01 2.847092293507635929e-02 3.261117378408904255e-01 6.498080296967814196e-01
8.764032565847289513e-01 5.232623205430212421e-01 6.927965040590716717e-01 1.866040755647959681e-01 7.217592945510061808e-01
5.824408748183378393e-01 8.209543238309553459e-01 7.059609849718088137e-01 4.330496182361485147e-01 6.983827539871533263e-01
8.864752603863802483e-01 1.252864014559499362e-01 5.520145784683815338e-01 9.447398344110669033e-01 7.034591056038411727e-01
6.379655185266941420e-02 1.179285717593091531e-01 5.320142031794204973e-01 7.106964221714724417e-01 6.691078610601477461e-01
4.967163255867816929e-01 4.544800502091822514e-01 3.183590546477377270e-02 8.977765270529148856e-01 3.581352289185228965e-01
3.266549067008605034e-01 8.111922692546930103e-01 7.211412510967893930e-01 9.888759825915671708e-01 6.246336555581630812e-01
3.315346985251946821e-01 7.135460516900190564e-01 6.028207752471124170e-01 1.188220423689078098e-01 7.047747484857316280e-01
7.995725668668169916e-01 7.607282393220876626e-01 8.957341202550805903e-02 3.207837836345687199e-01 6.226282335159940562e-01
7.336204996554755997e-01 7.603426359061329354e-01 3.896926251178459699e-01 9.050909995988919432e-01 5.766684594754254434e-01
2.618646642588443596e-01 1.106153852049793773e-01 2.093335998507629414e-01 7.446268355739127376e-01 1.217325127420765263e-02
7.020762417303322289e-01 2.086992760088884902e-01 6.075231062349898403e-01 1.205771193811131514e-01 5.690669600621532931e-01
1.276608335877016387e-01 4.496113906759123813e-01 3.516528423672493631e-02 6.293533241797902855e-01 8.467945013223376893e-01
7.449409453295900985e-01 3.317909294855163616e-01 1.371740613612103532e-01 4.395997707202742300e-01 6.590447873105260701e-01
6.475392459322172334e-01 6.249940121719951280e-01 9.654723192009566635e-01 6.335647594844617814e-02 9.275352345179175284e-01
4.119458242875446707e-01 7.238589347829893494e-02 8.094545612974457516e-01 2.496432306915106203e-01 2.459528383150499931e-02
3.028284351514198836e-01 4.827583824049404004e-01 6.206687716222447637e-02 7.971543193148590278e-01 8.713417146554222059e-01
7.970385049719447279e-01 3.031979604627546010e-01 3.997982965927283638e-01 4.909576306195819750e-01 4.915735401987226805e-01
5.979114477014727536e-01 4.522460660093955420e-01 2.111713216354456080e-01 1.488903073629608276e-01 1.760607754081975340e-01
5.271700519978766986e-01 4.079251140149935395e-01 6.057616995657147951e-01 8.436439957456959293e-01 9.782944110738428511e-01
2.678856956203037321e-01 5.879348315308263739e-01 5.087494644444083836e-01 5.511140236550052807e-01 5.432942305673286176e-01
5.873256771504168361e-01 5.201369628872550832e-01 6.371390262495089107e-01 7.659603175727646152e-01 3.429743466537316099e-01
5.026442388920471238e-03 2.012302921430941804e-01 2.717240070122892703e-01 8.276973082669590864e-01 5.233619471135915191e-01
6.350903476436505768e-01 8.008229116033663830e-01 5.242095744423913573e-02 9.984955117402812830e-01 8.404999232851433355e-01
6.987683129236583746e-01 8.658443931607078259e-01 8.977629214567433014e-01 3.438684620461898156e-01 1.904732811189452368e-01
8.428349549868904278e-01 1.786131506606458696e-02 3.779027317874280589e-01 9.916976721471251199e-01 1.156998427646257488e-01
2.541713784649703989e-01 4.685699832976075729e-02 8.115412669158317271e-01 3.463489457616526490e-01 4.962140863872440688e-01
6.904411442210558469e-01 2.660913945695300153e-01 2.460513030452973204e-01 2.742532186942826522e-01 9.670386325665050187e-01
7.953544399490941608e-02 1.657597637820455994e-01 2.718670431545013866e-01 2.227372126665236873e-01 9.729749294322564968e-01
1.062786039116817571e-01 1.468750445815816263e-01 5.675381468216563752e-01 8.037720866483701876e-01 6.860551507412103733e-01
5.853539655464541358e-01 4.014230337574167251e-01 7.666562392101847756e-01 9.686470011458560014e-01 9.995585528978386813e-01
3.203550484955886013e-02 8.968392727719134427e-01 5.229670004086943713e-01 9.277827396985376396e-01 6.237255198000156708e-01
3.058384185872942140e-01 5.555747007416749206e-01 2.671825205836860784e-01 5.360911025901800020e-01 4.411987344692316348e-01
3.728679723092019893e-01 9.256487845112960633e-01 6.338876348074152789e-01 3.828430229177328670e-01 5.047293410715408823e-01
6.482431192550055510e-01 2.704100526756725298e-01 2.935276839339935329e-01 3.883663762014146759e-01 3.720116924543770409e-04
6.807497364468215739e-01 3.067301782008572397e-01 9.565544273649404516e-01 7.863560490888263921e-01 1.156798145110390363e-01
7.436641470501090811e-01 3.036580230034746641e-01 4.051935265385485652e-01 6.720812754287076585e-01 2.263638740164476415e-01
8.162284024015076245e-02 1.616781045871380496e-01 1.038679821939045844e-01 1.426039571645543180e-01 7.844173285122800765e-01
2.069550122978515150e-01 2.201913914953442797e-01 4.048735850106588430e-01 4.169148795841077781e-01 1.689180861937045197e-01
9.406476316328441500e-01 2.374224539753581054e-01 1.444647459052909033e-01 3.224150506482437173e-01 6.126699121418375249e-01
7.537349652038174419e-01 1.609627750846355232e-01 2.281531797473284051e-01 8.892476966758511292e-02 5.955349746900159280e-01
6.344013591512861483e-01 1.186865587325316440e-01 2.395007119440797361e-01 1.148721982264988561e-02 2.367167832489650570e-01
1.699179151571770241e-01 1.762222545612581737e-01 4.355123898252100112e-02 9.798383777137302797e-01 8.838411792772423725e-01
3.598618802423125818e-02 4.088480532557557945e-01 7.799486858800930289e-01 4.059422058138345557e-01 9.464797965584825779e-01
4.381780627189855171e-01 3.261343072725968462e-01 4.730829051727114543e-01 9.792479508796110288e-01 5.763933065636082098e-01
5.633348419237378391e-01 2.431100215191058789e-01 9.468508141173931358e-01 5.364585711164493453e-02 1.458746090695099973e-01
1.779387468295238195e-01 5.444406883794757901e-01 4.385459315356179388e-01 3.804489643786146402e-01 1.485067593089862692e-01
4.130139477335299514e-01 3.199149130179723688e-02 7.475941568185271446e-01 3.912979145603815434e-01 6.923802500320930253e-02
9.191926992646018979e-01 9.028506360434376266e-01 6.333334946282055400e-01 9.413987583863354658e-01 2.654001500471383501e-01
3.487368876380710914e-01 7.014167459974652852e-01 5.010254638233788693e-01 8.236647869835904689e-01 5.428628109790845091e-01
2.000040084553507125e-01 7.646089883521023367e-01 6.264939902772034275e-01 7.251593457693269462e-01 9.147264016116956054e-01
8.217680551400261546e-01 4.074047395994317977e-01 7.608624916764608059e-01 2.510818020797884742e-01 6.235538658008149548e-01
7.351055914306209305e-01 7.902786119379912044e-02 4.897616403667715002e-01 2.642228936060272426e-01 1.021158098649851409e-01
5.373223547541685630e-01 6.906272344332942126e-01 2.438511736427476650e-01 8.959862785472916258e-02 6.036835457895013413e-01
5.609794482838978968e-01 8.942307164381589901e-01 2.127835493101810638e-01 9.603654503223093553e-01 6.755054187060549609e-01
6.809756526669497045e-01 8.204267541342428194e-01 7.529157518988137676e-01 1.003644109871263401e-01 4.164624370623503102e-01
6.905962587057257185e-01 8.775414972523831736e-02 2.961640129905227514e-01 1.628551196696846892e-01 5.805653279792194477e-01
9.373666815296783916e-01 1.001275965630162856e-01 1.054402577378732442e-02 7.370111158946240915e-01 6.239871128881624429e-01
3.490719857124214842e-01 1.257827513777021178e-01 3.078906446366956873e-01 1.471191406236088683e-01 9.432530356302171182e-02
7.902634786639798348e-01 2.047175067901724210e-01 2.252082191660644828e-01 3.406158572284551100e-01 9.770454346495682785e-02
1.404828250006844303e-01 1.644182970239731478e-01 7.034216068276184508e-01 4.305908929285220399e-01 8.515132160149954110e-01
7.184614958221823278e-01 7.224403785396560362e-02 1.062873948921082556e-01 3.310264219833397581e-01 2.468642181668747604e-01
1.238818904663165910e-01 6.836401596601334729e-01 6.907030152121074185e-01 2.553269601769608821e-01 9.496942307615110490e-01
1.338746730080386804e-01 6.872210710765925823e-01 6.938975465186680847e-02 3.804786465557965514e-01 1.974502585964879042e-01
9.108293889289795775e-01 8.290873538181315894e-01 3.099374946137097853e-01 9.705239178927167476e-01 6.216568921963940841e-01
7.181930652001001780e-01 3.784266392115017696e-01 5.088243615669130193e-01 4.103016403928749778e-01 9.397941308908170921e-01
8.004455889127440882e-01 8.633732777569987915e-01 3.076491823595329800e-01 4.907879193469435464e-01 6.209940316226466583e-01
8.412695414380689796e-01 2.521453286647573622e-01 1.216259635941985273e-01 7.129466345888841872e-01 3.701214384954535364e-01
3.704156703559594588e-01 5.861529226070466558e-01 2.016052766819509401e-02 8.493577869287340931e-01 6.027480593892607930e-01
3.807762498857177880e-01 9.156344714921480499e-01 9.458832788929671942e-01 4.393666681910437521e-01 6.779625598685623533e-01
5.315737846442825099e-02 5.825221599718869436e-01 8.744819478347605202e-01 6.434614804972140778e-01 6.903915332828983731e-01
7.818028016960443249e-02 2.155517669351891819e-02 9.690146123101726072e-01 3.451245303844956425e-01 8.755423623209356299e-01
3.179916489566158022e-01 8.184477360989895756e-01 8.252030592940199361e-01 4.184359923694387362e-01 9.061594132992709660e-01
4.272573795321658041e-01 7.077537005826217698e-01 8.843068388742284514e-01 1.704888885517537034e-01 1.027951658851283812e-01
8.584007842308539749e-01 2.206060229666190198e-01 7.070860697571255127e-01 2.125868134569204315e-01 1.019738065948594397e-02
3.912150084319176990e-01 4.564971853849419947e-02 1.317351238353084986e-01 9.816194104661910558e-01 9.233840008165468127e-01
9.869946233783911671e-01 6.307575856565204031e-01 3.249893361909439449e-01 4.424000058823329695e-02 2.575441068290842406e-01
7.706497237887410812e-03 7.991967991167555629e-01 7.386230312720118985e-01 7.549477050964329417e-01 2.574703626808907408e-01
7.236648605817537216e-01 4.724628801839224623e-01 7.545986121686156789e-01 7.142303184477185596e-01 7.488592042312273156e-01
5.992519690299283885e-01 6.173450152825599169e-01 4.000308827753806806e-01 3.790888747226717204e-02 6.062908855827634502e-01
9.769996198816749411e-01 7.775800314067841112e-01 6.251183951097122327e-01 6.933355694238518829e-01 6.473991129822576074e-02
1.689379491044643578e-01 1.964677423241963927e-01 7.386726149761541071e-01 6.113749282090018555e-01 6.671059048446329465e-01
6.556515533706078758e-01 6.667859494845856938e-01 1.020890059534299565e-01 7.680728412551951489e-02 9.953897786884318144e-01
7.003116464308609679e-01 4.378096371298834111e-01 5.786162011572515418e-02 9.267484987224875459e-01 3.004905419619618989e-02
3.020787313042812006e-01 8.803894672869466698e-01 8.289578675605240310e-01 1.295084882118410219e-01 5.790246284179313419e-01
9.350924622384828577e-01 3.972956990054510307e-03 7.623655092508311304e-01 1.108458642752608858e-01 1.183034692212603378e-02
3.216373986926180928e-01 9.905608503183389590e-01 4.732046258830099328e-01 9.470823974329101169e-02 9.703394034311036975e-01
5.127042596167352695e-02 6.399629223791203358e-01 6.395883299658007282e-01 1.674042147590770746e-01 4.180030485731578427e-01
5.273488406851293275e-01 5.755954042807301940e-01 9.871088519202076972e-01 9.553624954486849008e-01 1.441004180902758502e-01
4.537396717668320534e-01 8.850442853172683089e-01 2.055248456987860406e-01 1.342203116388445139e-01 5.649528518441484515e-01
1.206460513274424384e-01 3.605246391082717050e-02 3.907140932750080564e-01 7.341580980422596214e-01 4.295898671513532774e-01
2.501010258098346206e-02 5.767376401473579550e-01 7.062256549469689837e-01 4.544253218044900233e-01 5.298563110200005255e-02
8.003815042075530517e-01 6.670302383699175941e-01 8.488598155449371685e-01 4.675035651082071197e-02 6.749358441670126885e-01
1.876476808477270941e-01 8.805921131464320428e-01 2.402487600211998808e-01 4.791726483422481531e-01 1.123694519084440513e-01
8.183216564522900471e-01 9.786008747582370937e-01 5.068454275150043875e-01 3.663500425135937100e-01 4.492077067439366189e-01
4.030964424937740764e-01 3.876796262221372524e-01 6.774064781934386881e-01 1.083608064009399241e-01 2.252988883106646911e-01
7.167790947011642988e-01 5.770011491780382418e-01 9.083890641298660862e-01 3.966472725532786958e-01 2.017156029530176031e-02
4.363741909668698016e-01 2.278599163060451849e-01 8.497803922190874104e-01 1.180610012426304145e-01 2.534590169565517082e-01
3.002956782292508509e-01 3.037853213640557826e-01 5.667778064552938533e-01 7.399694040249709115e-01 9.483316261250702706e-01
2.610615254016612763e-02 5.119475670341342433e-01 7.034401772718458234e-01 8.490576475435585024e-01 3.112793658258018459e-01
5.197578606621774400e-01 1.156395060630893701e-01 1.777782105443803662e-01 6.064643377469948193e-01 2.355979075982839177e-02
5.728066592407433655e-01 5.439319019069687178e-01 2.756436879283089558e-01 3.657940899445791816e-01 9.700497976863828864e-01
8.270486493820297103e-01 2.558862712735454625e-01 8.857109011776076457e-02 9.605458196281685401e-01 2.227216591680346580e-01
3.610598295307878569e-01 3.140152527294395313e-01 9.065409142280843602e-01 9.977454232423188518e-01 7.866665355277058236e-02
7.719438259996587171e-01 5.404032867521357808e-02 4.456569929822278286e-01 7.350917992932248790e-01 1.310510985223496405e-01
4.383199395509096430e-01 5.544993787010802366e-01 8.883038135729431906e-01 8.238498734253626443e-01 2.869381512290466452e-01
6.599916762950945870e-01 1.469384213809314943e-01 3.945377938595773237e-02 5.291704649842379204e-01 4.683953480941867031e-01
9.648583211908440260e-01 7.906184197086540966e-02 9.156647306776927175e-01 1.318022525731217254e-01 5.365461839405154532e-01
6.829382560128947066e-01 1.027627298981107495e-01 3.656040796859566511e-01 5.983114798729839423e-01 9.566933631009891803e-01
7.206114480317398208e-01 9.526707791946517068e-01 3.316710991228103422e-01 6.601025975218323127e-01 8.388227799645401328e-01
8.183257760006704684e-01 3.687631125600422388e-01 3.819116920790256442e-01 1.418262904188519746e-01 3.436883784757626126e-01
8.979416190089789529e-01 1.909713593620875338e-01 1.554786918211870095e-03 6.981934134433993577e-01 7.776637043686773776e-01
9.788557639124525478e-01 6.883059509370977880e-01 1.922755317478171966e-01 6.185700350176910334e-01 1.899596953868379900e-01
4.895268673538551996e-01 3.834683591597938257e-01 8.969802904821322365e-02 2.391997704912541822e-01 5.235683078238517751e-03
5.841287775980412711e-01 3.124259836916335464e-01 6.092206874758925306e-01 3.654320106129186341e-01 8.692963691741029120e-01
5.144701037341397054e-01 6.352304164089619398e-01 1.278158179466977185e-01 7.967970489548933388e-01 2.028533471585957093e-01
8.014502354108541393e-01 3.003330276433913149e-02 7.059776062050299172e-01 2.329845712918916512e-01 4.226932597444771345e-01
5.908490742927209327e-01 9.906797470912941384e-01 2.556345930839296621e-01 1.070287325103661535e-01 7.812982394829296462e-01
5.383077734022259087e-01 8.779235712372324141e-01 3.415005076700370346e-01 7.039430033639515472e-01 5.510627031996078173e-01
7.816003063183872834e-01 2.765907124987490029e-01 4.527689083030460582e-01 8.482702261031543900e-01 9.071390780335520931e-01
8.868395911266798715e-01 3.330745136003543383e-01 6.082088013609645571e-01 2.788320852642177661e-01 9.396409441028722442e-01
8.214692893664065076e-01 7.911441066121971399e-02 3.583237223481750000e-01 2.823212438402922242e-01 2.970684910576589788e-01
5.588751324585494729e-01 1.829629503885015218e-01 5.587254917049240266e-01 9.945912258310812826e-01 5.501181690686495207e-01
1.652445390844815565e-01 8.989001736213720894e-01 8.986417685785159648e-01 7.560280214086790851e-01 3.081183275591922177e-01
8.940054800086716380e-01 9.928102976747924524e-01 1.039390831168957030e-01 6.548166039111099623e-01 1.427684489779116328e-01
8.807165512103802829e-01 1.339042406687270814e-01 9.847306246640414873e-01 9.980118851388622980e-01 1.774081047835504021e-01
5.977474205010969710e-01 7.859982429926172243e-01 4.890618112255696870e-01 4.074007156723051803e-01 1.643062148599316874e-01
7.111569865676493629e-01 4.198815144793396348e-01 4.734858607529039976e-01 5.062701228891555161e-01 9.140481396310506934e-02
7.803804863356810229e-01 5.583261636433410890e-01 9.564560361979151937e-01 2.125323268288742407e-01 7.854178456286752263e-01
1.420933686646171923e-01 7.985700689961906518e-01 4.329258389958715592e-01 8.896730946063757806e-02 1.575158684999214964e-01
5.412744998173754096e-01 2.258370660999372559e-01 9.534856333580251642e-01 8.800749990397037648e-01 4.611294945970715320e-01
3.090175605701080963e-01 5.833688660665361514e-01 3.100443070033092052e-01 5.268227320270263414e-01 5.272356298879938841e-01
7.501645516008392800e-01 9.642458305284349329e-01 1.697303561956396978e-01 2.498404863797976105e-02 1.759776451491864568e-01
1.971410356326797064e-01 8.834857163905307509e-03 6.704276162179723109e-02 8.342151747363368841e-02 6.200141765612262601e-01
9.643027333674879520e-01 5.468285960526255707e-01 4.277441143695260850e-01 1.132438185662074659e-01 6.900103049264899591e-01
6.114413110733243339e-01 9.962065070649367415e-01 2.718898848897155496e-01 7.614001275100061861e-01 9.884019195530053814e-01
6.187226347576993968e-01 9.713260597720863032e-02 3.337209960445289836e-01 1.287176889926200385e-02 3.360616293337785887e-01
9.884722892655551929e-01 1.299085437129525733e-01 6.893578680448839702e-01 6.437085551607416578e-01 5.504067058872633700e-01
6.824339747898341413e-01 8.109325896587586957e-01 2.873223349681331973e-01 3.293409681513076448e-01 1.463945043998367002e-01
6.647494892465233285e-01 2.745059953057960023e-02 8.233897160889430689e-01 3.431384067160769824e-01 7.438867284728785112e-01
2.947308986189111080e-01 5.356849764289264293e-01 9.743848070177382192e-01 9.002099959036019561e-01 3.573016456445600175e-01
5.434568691032892751e-01 5.386303537348935411e-02 1.557537362788051771e-01 6.294828023200144118e-01 4.407155321345340715e-01
9.862478070536636610e-01 1.093709801406225202e-01 5.944543913328598217e-01 3.559097919551335032e-02 1.762212380366818820e-01
3.178147913312042716e-01 3.496616803877304891e-01 9.095349560722972848e-01 1.827935491114096589e-01 8.098461056443398975e-01
7.056349437341432607e-01 9.568200172218764843e-01 1.496239973424129399e-01 1.686188361979172878e-01 1.052054563050248692e-01
8.234951883576578924e-01 1.549314339528424789e-01 7.800938863312865124e-01 5.368088738056298048e-02 7.756005945704346205e-01
3.339015314463642525e-01 9.903068194373906286e-01 1.714726362518933511e-01 1.741893130614680096e-03 6.828899772615346642e-01
3.956883911003022947e-01 9.304495490012727466e-01 8.340174096233713419e-01 1.373866670574274140e-01 5.839737555972329686e-01
9.647433591931520169e-01 9.574631970204250386e-01 8.847276496925039480e-01 7.688318581998209167e-01 6.346900266328980855e-01
3.964280040481853451e-01 7.420763709317463874e-01 6.553454369151525682e-01 6.223771620548367300e-01 9.492012596439460825e-01
4.007319330045481243e-01 5.330793122265965467e-01 7.413679847273868528e-01 2.431636065884981157e-01 1.228777373166067832e-02
8.000590304525700969e-02 8.367507260287813109e-01 7.794925481023159408e-01 4.267061043707155443e-01 3.045028974457432147e-01
4.790630706493421709e-01 1.264523035423189556e-01 9.339716478688887547e-01 3.998632144405350752e-01 8.558674740091537503e-01
8.846010757011302239e-01 4.704487753820973950e-02 3.070470139047031255e-01 4.153183989727590175e-01 1.572299463554301946e-01
7.825866758561230707e-01 2.788404173677588860e-01 8.775926372220638205e-01 9.476984797320415765e-01 9.547667213531427777e-01
1.353504316380282901e-01 9.856694338918019493e-01 6.171458383543533266e-01 3.936578064756992568e-01 6.496659850022683536e-01
9.119185929878108610e-01 2.359954742829221130e-01 7.566586391891977348e-01 6.805217234707218177e-01 5.848340498937431020e-01
5.449741584494444124e-01 6.701533900487044448e-02 3.187828454581462800e-01 6.089055237331181258e-01 9.586979635328992666e-01
7.980710846134888570e-01 7.574027274395767062e-01 9.270966574288319606e-02 4.009197124147244606e-01 2.738742117974357626e-02
3.923420956139295201e-01 5.874055174507636368e-01 5.075920962347220122e-01 9.135589460873561052e-03 9.943382847944342018e-01
6.047483476282933257e-01 2.610709536340262149e-01 4.200115248704299198e-01 6.329142572111415843e-01 2.735265653329405078e-01
1.937004402148951865e-01 7.024657803035136983e-01 7.248516829628550706e-01 4.154530640593842028e-01 6.563203381331113029e-01
1.314214046643794598e-01 3.028105286160290843e-01 8.022291336858361488e-01 6.334904097399127743e-01 5.782864511131546870e-01
1.797288858638147468e-01 7.074615234376468997e-02 7.620251024239892423e-01 9.685170275765531134e-02 2.828899515288267885e-01
6.403872728111053014e-01 9.556287920296763216e-01 5.804044460054287313e-01 3.396796355100706322e-03 9.313891026254251804e-01
2.383855750435251997e-01 8.871698893350599135e-01 1.690721217576859337e-01 7.449612575921646940e-01 3.754049564755707058e-01
6.807846255521515788e-01 7.595537545990719286e-01 2.716240543355677994e-01 8.429305630810709493e-01 8.484021388328125690e-01
2.556994003422360384e-01 3.380032672442362385e-01 5.853588880348540302e-01 7.176080735444052561e-01 6.110943459557294233e-01
5.736017361685670224e-01 7.696513748852605863e-01 4.246856397257536830e-01 3.566331945067138243e-01 9.534434459863673217e-01
8.324182381563693944e-01 7.941165824174724053e-01 2.075970155622507418e-01 5.661962722670883519e-01 7.207643363192780539e-01
6.737363638160179802e-01 2.917352535015187431e-01 7.592621079041965704e-01 4.653900497806825465e-01 4.846953713653358031e-01
8.243084892900690575e-01 5.661674588610892123e-01 5.881382184804825330e-01 4.821607716494407114e-01 3.409500817068517042e-01
7.875460532787716961e-01 5.023077107897048199e-01 3.850686177001257926e-01 1.725163666324300848e-01 5.033038402682629142e-01
2.780192794535162326e-01 8.348618300873568154e-01 1.532911856303972309e-01 9.370675492368915060e-01 9.098015068693496854e-01
8.511892537387861779e-01 9.969167045009122985e-01 4.072708643617461988e-02 9.747777889757414105e-01 3.068483952347373922e-01
2.218442027739775391e-02 2.049330717737446461e-01 6.466265035319330723e-01 4.377270339200769467e-01 8.545733839475498916e-01
1.915246458293720089e-01 9.940366882779216873e-03 6.924749968689440927e-01 8.401014582829735566e-02 7.517188405041828059e-01
5.849298508983201694e-01 4.138428761302274106e-01 5.073011372310852751e-01 9.081564486272126757e-01 4.323708097677398943e-01
6.079552770499760950e-01 7.886137720108593596e-01 6.792494970519604713e-01 3.649008537444932143e-01 7.833184196938776100e-01
9.124327114315068377e-01 2.527139190423826065e-01 2.994450514031017363e-01 8.774969921611719403e-01 5.863707783550301533e-01
8.453128491296101332e-01 1.093498287356433618e-01 8.495129940972261373e-01 9.615200905627199202e-01 7.184308093689832919e-01
7.481534650212119386e-01 5.650844317900555192e-01 4.711718329140370809e-01 1.669772241112730260e-01 8.150215277150919535e-01
5.075874477785479177e-01 6.557191722511523935e-01 4.802308213969086470e-01 1.075702777501577057e-01 5.723662124249798699e-01
6.717549468818293512e-01 3.115478914736502514e-02 8.833898641373898464e-01 2.136161028983681875e-01 8.392836154796989856e-02
4.696114333299462595e-01 3.666630335321687806e-01 4.843612530700897034e-01 7.345853016826170423e-01 1.508875637573311446e-01
8.408954641345512959e-01 5.734939138344834486e-01 4.043379798312551898e-02 1.470973945745895906e-01 3.405997121329865651e-01
8.561268715227684512e-01 3.834063299928216484e-01 9.930781149704903665e-01 9.760134965402113005e-01 4.030032160999952318e-03
4.260048613880853541e-01 2.540192900224088612e-01 5.531535779782966733e-01 8.676946525199453752e-01 4.552861894519667496e-01
3.512427842749568097e-01 3.349329403226738444e-01 2.627766168886433995e-01 8.587749769780756992e-01 4.563743650409302077e-01
1.186008873372530470e-01 1.926478115684615577e-02 7.700352126001345221e-01 3.506824001842034910e-02 7.102150111129648113e-01
6.014296321438117321e-02 6.879631442705425037e-03 5.186734422515404397e-01 9.409468592261914788e-01 8.573868190801405831e-01
7.738101540264630263e-01 5.013965953034010825e-01 9.131450558320907129e-01 6.450544818626258170e-02 9.963419210649304691e-02
1.951282877198078358e-01 1.757472467141771855e-01 1.464119147390970932e-01 8.106508677183038580e-01 4.997726024586565119e-01
4.026218626553377256e-01 7.153816459116463244e-01 6.953636097330129218e-01 1.619929935125741238e-02 2.510066567685791394e-01
9.443005032903565299e-01 8.900793957795383182e-01 9.968469358740310593e-01 8.853713988342369889e-01 1.186920766548749118e-01
4.209736496549181251e-01 8.292185912153938743e-01 9.888968866005531932e-01 9.004767440009326940e-01 9.526645480622542017e-02
3.239898931902029933e-01 4.006054943121786227e-01 8.459428423072287151e-01 6.654188088774426468e-01 2.123714369888224374e-01
8.995826433316179704e-01 9.554056955279645047e-01 1.485466334519071063e-01 1.346798337734332884e-01 3.374771008007138029e-02
7.156402157569390354e-01 2.063006410592871376e-03 8.108757195188711631e-01 4.350306519856383947e-01 2.062122651921793892e-01
7.189786526235210085e-01 4.021129233542328762e-01 2.266682161150848085e-01 2.031393794797432539e-01 6.098124985274679943e-01
9.327721207711581197e-02 8.448876615283194003e-01 1.473769572748837575e-01 8.582297496615578503e-01 3.553031940358619689e-02
2.856204515754457995e-01 3.298296273007086388e-01 3.933750752399648443e-01 8.917925916128586206e-01 4.090559673210678593e-01
7.280306400156275615e-01 1.227305099339296435e-01 7.139680551891053328e-01 1.607866455033766240e-01 3.325871842418166580e-01
9.415976993147560092e-01 5.818982026666069673e-01 5.456355904063810991e-01 3.288025133864090899e-01 5.594258599682583322e-01
9.096898201798843120e-01 7.559705796254534427e-03 5.722648955150828609e-01 5.108022149826502156e-01 8.152418772811332870e-01
2.840759849299452355e-01 6.514938997546534383e-01 1.059245106002008052e-01 3.818250269914413852e-02 9.647672079328535322e-01
7.500686901662312334e-02 4.965218102959207958e-01 1.733126031977469950e-01 9.895228929122485972e-01 5.206122210125900818e-01
6.590057794932820956e-01 5.179812246156870748e-01 9.494663677355348330e-01 4.322873390087085266e-01 1.766518510110558493e-01
7.506903012694601252e-01 9.395227918760422625e-01 7.215942111595877728e-01 3.127145219628545414e-01 9.211634800782143584e-01
3.442194091246011389e-01 4.641595595076916103e-01 4.330780155749869298e-02 1.666191549931438365e-01 5.965805069492883250e-01
3.897801102363140924e-02 8.428084856635533750e-01 7.508109958598589984e-01 8.602445235218348918e-01 2.281941425011322355e-01
2.153431391770057601e-01 9.733403292434809062e-01 4.768763937578778256e-01 8.810163803404083005e-01 2.105558909708860060e-01
4.019789324279178233e-01 8.688565633926541576e-01 2.836343610579041830e-01 7.794538254835713387e-01 7.493872852891243497e-01
2.540184348648876211e-01 4.011274889182570025e-02 9.532897888885716320e-01 5.069082048903584825e-01 1.061258241501628063e-02
6.776458396751947610e-01 9.381278097818341877e-01 7.104241997418077048e-01 2.401910848209770633e-01 1.811709418677815986e-01
7.868460989436795172e-01 8.153991360004173572e-01 9.815523165566059083e-01 7.130726266245668299e-03 6.449531330756090863e-01
8.758370386755398584e-01 8.457942023594116066e-01 1.962836482061830479e-01 7.947805957226449225e-01 7.285405835447515965e-01
7.047857602064416804e-01 4.810303535224662586e-01 5.154804740542412445e-01 9.237239588731060991e-02 9.454370726635979993e-01
7.215771878215381241e-01 1.975416483330680872e-01 5.466521805875996787e-01 4.807838052161494957e-01 9.945365159484507167e-01
6.456362491772483780e-01 5.077990588087588630e-01 9.675052134784208890e-01 4.573206683059566346e-01 2.817679103376494743e-01
8.252748837758631106e-01 2.298021367512842472e-01 5.833025568601739597e-01 4.267517428132866497e-01 6.457059669235852839e-01
4.098911746483380192e-01 4.759430450930216550e-01 3.340003663653704491e-01 7.723042585693357109e-01 9.858279850526492361e-01
4.459063533748330865e-01 4.099414954847668824e-02 3.008357194381721111e-01 8.156617836521784515e-02 8.569832429624874015e-01
3.755829695771755183e-01 4.618327764187422080e-01 2.930204034993403317e-01 3.177913507334728660e-01 7.063187996004657299e-01
5.828505673127365450e-01 5.148237775758109924e-01 7.083279640713161518e-01 9.602811498048937633e-01 2.874826512829716796e-01
1.181314349128481656e-01 4.759664968759292902e-01 7.263723189939758074e-01 1.555425076630910786e-01 2.215314065605074045e-01
1.829599361772393795e-02 6.642867886485097628e-01 4.893929119425813878e-01 1.044392504170015279e-01 6.991213160586323694e-01
3.913764207472423262e-01 9.040871535366375999e-01 2.288246274979096606e-01 9.409185878600644370e-01 3.094834493262389463e-01
9.944078025102437435e-01 6.676948286327685222e-01 7.532453507380209023e-01 3.075008728317021323e-01 2.304794456819483361e-01
6.803530407874625041e-03 2.677759360424663004e-01 1.402787759643220333e-02 8.027281566940278612e-01 4.195103623532763226e-01
9.805302994376343673e-01 1.947537870700594143e-01 7.028648131746637606e-01 1.957097644334092612e-01 8.741143341418611268e-01
8.915238519394963479e-01 1.802649855159366155e-02 4.408131176229838077e-01 7.112246944854506703e-01 2.760705639103424591e-01
5.462785704738977177e-01 6.800405722753248838e-01 1.958540104854938901e-01 1.339457082519706077e-01 9.647261608498680641e-02
8.137252907387891865e-01 4.652195446020074288e-01 2.063690704618649230e-01 1.623876534912790381e-01 5.633648154822168408e-02
6.427136975622236292e-01 1.342313358187515737e-01 5.263457311426485985e-01 5.083608743729296497e-01 6.806621880174832384e-01
4.293530252364524680e-01 9.846503527196974748e-01 1.745885021834360229e-01 5.482933911181421260e-01 2.200855917647892568e-01
2.595567153548197226e-01 2.072498203399915084e-01 5.545186991993598102e-01 9.572326069290348904e-01 3.713855847650279207e-01
4.537598547882708555e-01 5.625233489085373906e-01 7.488733502705572365e-01 4.365375468089043309e-01 1.808429835065957780e-01
9.310930206364442796e-01 4.171871545747471988e-01 4.944673578675433667e-01 1.504350292897106423e-01 2.495525085791826525e-01
7.291968291389744339e-01 2.851934058345340084e-02 2.775738154793604417e-01 5.148987815728733874e-01 1.310894221686268457e-01
1.407123896652606732e-02 2.153517511370829363e-01 5.655999308176478113e-01 2.848989300475698316e-01 8.133417581379029926e-01
4.496322085076289721e-01 7.293133723195356355e-01 3.340298102598242558e-01 6.903285825530147690e-02 2.510634183741682346e-01
8.202419031661101201e-02 4.298803913370985441e-01 6.706200544739043812e-01 1.618661769675379114e-01 1.010087851530241387e-01
3.192228119249954643e-01 2.405251889868087467e-02 5.822353250159131299e-01 9.497620826588385468e-01 4.068461687566334861e-01
8.487031255509641658e-01 8.995935100764008707e-01 5.807946468160866127e-01 6.969434357769532795e-02 6.591837251343179993e-02
8.997438937022594896e-01 8.789588314285928794e-01 2.905299045330028695e-01 6.002407978366423036e-01 6.631140393500610797e-01
5.358894995510053993e-01 3.317997728406459901e-01 5.170468511485535323e-01 6.676260837445936458e-01 8.118149656682426274e-01
7.420326369728408311e-01 2.050941356227994339e-01 7.773513162458924874e-01 6.013097801150354416e-01 7.008473450590249065e-01
6.704412025845483125e-01 2.929179338966390045e-01 1.590056393124690270e-01 3.814614796256184936e-01 8.079738417178062848e-01
5.065863293651358124e-01 3.259449828043021746e-01 4.763544475428327374e-02 7.206270254157782773e-01 8.130293542460699241e-01
1.445991250514588877e-02 2.174985904953085081e-01 4.852526274743884649e-01 3.979575199670015717e-01 4.567419364533729098e-01
5.938838713768036515e-01 6.814007814915419292e-01 8.433269903805588052e-01 5.291436811945164909e-01 3.545611543422206857e-01
6.879389006027636366e-01 6.784438108080393937e-01 3.334144573105006781e-01 3.148871803210880893e-01 8.770190042115333373e-01
3.041031964190673564e-01 2.127171931413514017e-01 5.323587370894214965e-01 8.511433594417404658e-01 1.257127325340778867e-01
3.048219785279485672e-01 4.680896598570584155e-01 1.478501491182826477e-01 6.317293275248939688e-01 6.410906841073051865e-01
3.424577671535077306e-01 4.210443136430335187e-01 9.460071868305371945e-01 2.885738124393738557e-01 3.591074212581990555e-01
1.884246627453369793e-01 1.748590397554733444e-01 5.675667282846184047e-01 3.071821322902247298e-01 3.754607468478798893e-02
3.948211732751775171e-01 2.939557779106624080e-01 1.615155443625820864e-01 6.732283960435472281e-01 3.777297749934919180e-01
1.789730468620183146e-01 7.040718653713115005e-01 2.602832475016156888e-01 7.062619737180659829e-01 4.535608077529573734e-02
1.536041795603708682e-01 6.520045492402920528e-01 5.138218249160333428e-01 5.645702947254616078e-02 7.801141155713524622e-01
6.883907668186274309e-01 9.030795791000406636e-01 8.910362752621703297e-02 2.939577946609329695e-01 9.105033923829103371e-01
3.070126033933264775e-01 3.127114532086908705e-01 8.860664443694956649e-01 4.362092136097156514e-01 5.609483698316071187e-01
3.239777121117798364e-01 6.015733011044217537e-01 9.924006329414958305e-01 1.279866209865814231e-01 1.436107822857464189e-01
1.633325800208801359e-01 8.092451220196885675e-01 3.934051191300570460e-01 3.096478074589725793e-02 8.266597142426862499e-01
7.980388533050810640e-01 5.461136799425752031e-01 9.851540458809647793e-01 6.339931163818184334e-01 1.317795842668585404e-01
8.882216358357972741e-01 6.179211334171915704e-01 4.010592769619938380e-01 7.941580716313944022e-01 3.015146233018973776e-01
6.209229421121897907e-02 4.656724513544270305e-01 9.177940741254462242e-01 8.115389779620342248e-01 2.787446474209891445e-01
3.101148768440615822e-01 1.746297485696380880e-01 5.090356236621585984e-01 7.413814622256249542e-01 5.496974806495679156e-01
6.878768562705117606e-02 4.175588935160999826e-01 7.767101194904301176e-01 5.562758469543798157e-01 4.779684994199606685e-02
6.928343174031091900e-01 7.105534446790533476e-01 6.952711042608328285e-01 5.982521090211824211e-01 6.360428952959187310e-01
7.135758629321423685e-01 8.286997418706121277e-02 7.683873606618755181e-01 7.417779313483230386e-02 3.024670445688663056e-01
1.121659779054050565e-01 8.630503348711690004e-01 7.718341521371763214e-02 9.908551138198227193e-01 1.463258999518332049e-01
1.592912791979728127e-02 7.026154564538809044e-01 2.937858211477957227e-01 5.783703745551411757e-01 5.122888451382843211e-01
7.172554594663062000e-01 8.939938596543713922e-01 6.788571950845581071e-01 2.648550364183864803e-01 9.334577972526620915e-01
7.731195471215642767e-01 6.446394749804984503e-01 8.591785954531594438e-02 8.214138264405255185e-01 8.468485604553710466e-01
8.739995877320827500e-02 8.738891012441938333e-01 9.890533888710014709e-01 3.071504811215668429e-01 6.207782951717482067e-01
8.234151075644258189e-01 9.125720181885562665e-01 2.924424016546063321e-01 8.717831269809218631e-01 1.829149518117660911e-01
8.823986645905192994e-01 7.856990398788535890e-01 9.376289730500493302e-01 3.419602582232399435e-01 4.352585030110339703e-01
8.778780846582486808e-01 4.904559330687211505e-01 1.046596440055536092e-02 3.122520804689188356e-01 3.376912030468764980e-01
3.760804633074692482e-01 9.656645900015485839e-01 3.369386651063279725e-01 1.164760262311962391e-01 4.024869658011631657e-03
6.769616609771472726e-01 8.870953869830513483e-01 9.634969500677755816e-01 3.934447976182633422e-01 6.037778929708059739e-01
1.586318379671837198e-01 2.086938954285987302e-01 3.679485605301969775e-01 6.252267635427418702e-01 5.371795513413317735e-01
4.923407192235984553e-02 3.971314794720748331e-01 8.687802241656987778e-01 5.989983968347496468e-01 9.133834966469138728e-01
9.395499540760691159e-01 4.207361835107962245e-01 2.886853352824878538e-01 6.696437547637923426e-01 8.685665931830611752e-01
1.207375261650389664e-01 3.998300530537391984e-01 1.193772924906084665e-01 4.198636069428229867e-01 6.424601153501561246e-01
3.244607604020313119e-01 5.574415565532634398e-01 2.750079852294536886e-01 7.812462257316334924e-01 7.121888666391776868e-01
3.271200421446049944e-01 1.730430411735713880e-01 7.563345674194305035e-01 9.991396341330671671e-01 9.125634077752445839e-01
3.080809454431576722e-02 6.173845998223103093e-01 3.024675585417743173e-01 7.065362053780975815e-01 1.331226076510123590e-01
2.395473490517282533e-01 5.115433820959999212e-01 4.470940478052908285e-01 6.723117242889655731e-01 5.256754607881330976e-02
8.008596403141694520e-01 4.410857488876174237e-01 4.373639141792572405e-01 1.841751506639172087e-01 6.478105462587635532e-01
9.416136512018734583e-01 2.602989465507331568e-01 3.276642046220712423e-01 5.612327500447622519e-01 1.044495011965249631e-01
4.087924316739155461e-02 6.407646465727149243e-01 8.240326593780139541e-01 7.579597764558947404e-01 3.067158400231335680e-01
4.226137106204397309e-02 6.619051489638572150e-01 4.019043100878877395e-01 6.100166580207280198e-01 7.027574165919858729e-02
9.317029882268388352e-01 5.952941736959467267e-01 2.355502399829142446e-01 7.673865352758794112e-01 6.453946034781791186e-01
8.113402057696175174e-01 9.771578957574593716e-01 4.258055858135812999e-01 4.082523751128570577e-01 3.173645044947475125e-01
9.410773148402644672e-01 3.364675673222120578e-01 3.255833133487590070e-01 6.529142683769848521e-01 4.267054258581109982e-01
7.584774098415243415e-01 6.019905903511679757e-01 4.530616760973728008e-01 9.121487547768533100e-01 7.079755400161045209e-01
6.754309504543927201e-01 8.353310273359902949e-01 4.523292867820580820e-01 4.762937426595711399e-01 7.772310319067817774e-01
4.055174767972891114e-02 2.546941434358169776e-01 7.226499809516526707e-01 4.294595115688984999e-01 4.512091230868994218e-01
3.754170431592511736e-01 3.202071949603459977e-01 4.868409805000927237e-01 2.641974047784589885e-02 6.695250559035590410e-01
4.197108905646511623e-01 7.300134757101104377e-01 3.836333314566754416e-01 3.834896976413038061e-02 8.437622104773160325e-01
5.872626642971289224e-01 8.961402887707503595e-02 5.796387158345588375e-01 9.103062124262197852e-01 1.926924272257631854e-01
7.516749953254020511e-02 4.029904875199833425e-01 7.158819681256223255e-01 5.102933496488836207e-01 2.309950327220315902e-01
5.640220403248819014e-02 4.641717634089510547e-01 5.258510229763395660e-01 7.864059812571213559e-01 7.979582142328855987e-03
2.982048443000738791e-01 5.528863256092428902e-01 7.247005810397676440e-01 2.044728191154240315e-01 3.262680448633583641e-01
7.519491457068103735e-01 1.764048334935507389e-01 4.232704287041521019e-01 5.330192508358765346e-01 7.507956385011271827e-01
6.875444719933789806e-01 2.871964648907003870e-01 5.012120680292275754e-02 3.314244701209678734e-01 9.997744324877266830e-02
6.147020560345777263e-01 5.222763729579958936e-01 3.686644822794157283e-01 5.989745474046004325e-01 4.177854137500515153e-01
3.346316280518712993e-01 1.001119233992298074e-01 1.356088228523227857e-01 7.887207670126065162e-01 4.436424532235355711e-01
2.082215663514475068e-02 8.488894042198958934e-01 7.818714594497307990e-01 9.656966362785077695e-01 1.102001108246510874e-01
8.600996669406724138e-01 4.129103159415085100e-01 9.643397550566257248e-02 3.024284292355535753e-01 5.753938498729900264e-01
8.118759574434178949e-01 3.767211657062512487e-01 5.012917705554329473e-01 6.858606166736103127e-01 6.485240943158625537e-01
7.994462871296795781e-01 7.340754543267635768e-01 6.216017597626742885e-01 5.743121172795490059e-01 2.075971066822831501e-01
4.423768657197350018e-01 9.224256405738097131e-01 6.474990246450788023e-01 6.703430936790905070e-01 8.689902091128525186e-01
8.614041061835031599e-02 8.843199123399195782e-01 5.728442639056977592e-01 6.158381063232445385e-01 9.429400991267337107e-01
5.050755846972229124e-01 2.651934444170828131e-01 6.063160911825200561e-01 6.262585124951858262e-02 2.975362001079145946e-01
4.318891355096309281e-01 3.027791396006989100e-01 5.929342213907700110e-01 6.519396525948940591e-01 8.200704000280522044e-01
7.126556829405517046e-02 8.855698287284835546e-01 1.500428965830331585e-01 2.976900955504009350e-01 6.705043558087975253e-02
8.776896982801050129e-01 4.957688114819320813e-01 1.753410753357007579e-01 2.136008291601254605e-01 9.129653158325092832e-01
1.135826685985252826e-02 6.429282704868497511e-01 2.838801009192041258e-01 2.116829091210493674e-01 7.808005867838199165e-01
2.775150216412300974e-01 2.346346411872537452e-01 2.048284600721048676e-01 2.488142381917164414e-01 6.188354105389981541e-01
2.958360483098909643e-02 2.167358245459897192e-01 5.047497798241871170e-01 8.513886039981135578e-01 7.000995803219213220e-01
1.243179065071765566e-01 1.782652126593387010e-01 4.379826813476513925e-01 6.022935702547289605e-01 3.614992948394735173e-03
3.277949719920992822e-01 5.084066663480860671e-01 2.350805935942889002e-01 1.898024224354182277e-01 1.459226966619747712e-01
5.192279034918957370e-01 3.460366043745083386e-01 8.885464814210864981e-01 2.210161249804459827e-01 9.776873265780962052e-01
6.156592009151135025e-01 6.798067077644655010e-01 8.938479382314650223e-01 5.150123315878187835e-01 2.118244036596637070e-01
5.827106595825239932e-01 9.344844861852724671e-01 7.805306566808757340e-01 7.887855739192128901e-02 3.340302250961925123e-01
4.261767607153625903e-01 8.382126740098705397e-01 2.140347955648799205e-01 3.269991467669756124e-01 1.494311854208614232e-01
6.893918603235263953e-01 3.689333152899143542e-02 2.978154068691806211e-01 8.055119886838502108e-01 1.370936565493289239e-01
9.546876479177673902e-01 8.994708182370062532e-01 1.862394405095363359e-01 1.129712143775927213e-01 3.429141024794402082e-02
4.916742124073727460e-01 7.811430505183638573e-01 7.214564303279539237e-01 8.099831959970247297e-01 3.460287459641263608e-01
5.340456638013011403e-01 2.242730476708544307e-01 6.098030226612183302e-02 5.371599117637128051e-01 1.619443511560026971e-01
5.113289328612780071e-01 6.540877871700487844e-01 7.941172602011646875e-01 8.591637789410133674e-01 9.693702924786298247e-01
6.613039288802808890e-01 7.737594226526393060e-01 3.876542213152834870e-01 1.657866139178812981e-01 9.648344507365513856e-03
9.491422797276682921e-02 1.132526061441460064e-01 8.893264510461180716e-01 8.606233798912625854e-01 3.864127873333523810e-01
2.503778447273666830e-01 8.956398057036698557e-01 2.438569017863523314e-02 5.744734374780016140e-01 2.159334552807937735e-01
3.064179234090514958e-01 2.433828229408506738e-01 9.394489485655914685e-01 1.174240232662920880e-01 2.197878752183346496e-02
6.023318879592983732e-01 5.471283432631476318e-01 2.591263830926394673e-01 9.209438861816880983e-01 5.235111347066010445e-01
8.013324996727838601e-01 2.895626107951865258e-01 2.396404728584929922e-01 3.915586607361798421e-03 2.822200582849013761e-01
9.481635759787591100e-01 6.316235914639811710e-02 7.265765365167486944e-01 5.226361224563944585e-01 9.564432494971903953e-01
4.094717095773529048e-01 3.583238144615570331e-01 1.771608134809922186e-01 2.420962400950971150e-01 7.171368565542275419e-01
7.457611951710486631e-01 6.097935251631450004e-01 6.630051099513778468e-02 7.516554454630828275e-01 6.447960231463188974e-01
7.241866070791384002e-01 3.495802465384973967e-01 3.304871661547402750e-01 8.257878056695953095e-01 6.817763496935959067e-01
6.738598462436997671e-01 7.903399120674299283e-01 6.157263312190174309e-01 3.639291791331269454e-01 8.567617239584599531e-01
2.321545666276846331e-01 5.820825954172200722e-01 1.727072837300981378e-01 6.785757458459531488e-01 5.268474018253839208e-01
3.009080180569358998e-01 5.853016966089176210e-01 6.711482806047927019e-01 6.958780620824848162e-01 4.755082374155747971e-01
4.174429187293459131e-01 6.835352067310473956e-01 7.186800273039639642e-01 1.303551173963407583e-01 8.451386565580929489e-01
4.529692832760302545e-01 6.824766587410846519e-02 3.907569869589881950e-01 8.371910135152516030e-01 1.765475268450947821e-01
6.306609035955368370e-01 8.823192648390602022e-01 7.581130007866051512e-01 9.996957674271703675e-01 5.440453878537937493e-01
4.991778755676793411e-01 8.981967566868073183e-01 5.146754356200868852e-01 6.331178629352915976e-01 2.000113732961970037e-01
3.004345603729344782e-01 9.673341035167473123e-01 7.216840382119192876e-01 3.286464488468698875e-01 6.244799110282939214e-02
4.731336447682171764e-01 7.002786849633924060e-01 7.385367862884506529e-01 1.547549466554504205e-01 6.159078564847221271e-01
4.644037049823829255e-01 9.413680887273526698e-01 9.451935083883329369e-01 4.480922667060871500e-01 2.188063378488256383e-01
4.889552986085702324e-01 9.058769369542992722e-01 8.573563890689905875e-02 2.559523800634536661e-01 7.899497096885267355e-01
1.458521581510675569e-01 7.613866806201146087e-01 7.959105751710660037e-03 3.314563657080960013e-02 7.173610855440257783e-01
6.061454960591852181e-01 7.102639682312574809e-01 1.419984353524637033e-01 2.747798915376141737e-01 6.671137353861771313e-01
7.648404153825827390e-02 6.034637024704248009e-01 3.415138087347322493e-01 2.287161219958889768e-01 6.456035265117455735e-01
2.041782949062314056e-01 1.186972300212363329e-01 8.731803473271881888e-01 8.594748365922940669e-01 2.511303533917038644e-01
7.653767686973071971e-01 5.662984338471026557e-01 4.072556300118046479e-02 6.339310740826390456e-01 7.964433024026745800e-01
6.645814414128914382e-01 2.512681876835753947e-01 1.950480629025630464e-02 2.374747137164462396e-01 7.504956379309214443e-01
2.289622694523365531e-01 3.378828223653276286e-01 7.341706848545458408e-01 3.835067341857498757e-01 3.896016610136366909e-01
5.278869430598800427e-01 1.960116237460794997e-01 1.156524406086588685e-01 7.091183161745362451e-01 3.919270411004602828e-01
9.885421519285481073e-01 8.867414787352688732e-01 2.119198922477353308e-01 5.949602048577123936e-01 1.033891765847612110e-01
1.534494176701355350e-01 5.686139349498643414e-01 5.616096147149749473e-01 8.538092451003099770e-01 9.172409929116637217e-01
1.631534704979268335e-01 1.582104267810646725e-01 4.559899424570641457e-01 1.498833618952555291e-01 5.696752410883584306e-01
5.859910883565795370e-01 2.350121109002419884e-01 2.607434028501990353e-01 6.539859891298599459e-01 9.243893721272522512e-02
7.126472576909463896e-01 6.754041850826256743e-01 6.841188384035256087e-01 1.610966022396559394e-01 8.627294444130659823e-01
6.346157806232600729e-01 5.149580102318146446e-01 3.924664100886532392e-01 1.678342684229074955e-01 6.560794657611953573e-01
3.509317084380558782e-02 3.235318577414336705e-02 8.314826803587904713e-01 3.599678238243735340e-01 7.212479745976970724e-01
6.491502954895130850e-01 2.290854365040035923e-01 6.333072236474289740e-01 6.217703359348701886e-01 8.957509609351177460e-01
5.879026124833048872e-01 3.756293291402684753e-01 1.866556586944977392e-01 9.656762205141191657e-01 3.597288556541161642e-01
5.727375112435313387e-01 3.778016442119321860e-01 6.794551228946140720e-01 4.978967872261719219e-02 5.720812374821662161e-01
2.580178381617669325e-01 5.988271380801135635e-02 4.250505073098939102e-01 3.662236176884150485e-01 1.331339687780614955e-01
5.005050693814205864e-01 5.978854748572552946e-01 6.274541739566308340e-02 9.192283438299098108e-01 1.342644951161882094e-01
3.526738408722037699e-01 8.357995939782502104e-01 9.602188122276533733e-01 8.076567890353276713e-01 4.802705632899496591e-01
2.643755721298113315e-01 3.497636727282412705e-01 3.246132121370121082e-01 5.890325471659572099e-01 7.626988145107788108e-01
1.310671205739423195e-01 9.159321481720913427e-01 6.046806069146585250e-01 5.402431120859159108e-01 2.031556276196108124e-01
4.572956179232724461e-01 1.122555515664658277e-01 4.484935748514075060e-01 8.186676638841594578e-01 2.068237946633736390e-01
5.701734467241823534e-01 4.878392429202506042e-01 4.775849730534353910e-01 4.655975016603240979e-01 7.973292162419599594e-01
2.510897701773990853e-01 8.783935016831014853e-01 7.533107302037868047e-01 8.765452144342622542e-02 4.668516743779094202e-02
5.566358747418920228e-01 4.594524962883039798e-03 8.720835002600271224e-01 2.855109845365977339e-01 6.451953580308664726e-01
7.709734249623081404e-01 2.208714702723100221e-01 2.760879986422004606e-02 7.590971991463176805e-01 9.355690663852065381e-01
9.778686767601590946e-01 5.547073686863124298e-02 2.901148439946021895e-02 8.219560405397220437e-01 3.632135452427339706e-01
9.535685008792065265e-01 2.784739061074463784e-01 3.440345422005897102e-01 2.211846441000679953e-01 5.381882124648589283e-01
2.992533405523110090e-01 8.646234738757659910e-01 8.988382431861008381e-02 8.132146470958183659e-01 7.435626782293538461e-01
8.540632301918953395e-01 8.048401140126779651e-01 3.729414530744157297e-02 3.367676856738843760e-01 3.060508002743285161e-01
9.032829813245912831e-02 8.899208662781488144e-02 6.038874865747723142e-02 7.705742656252794198e-01 6.099508704959920591e-01
5.598242179388556172e-01 2.520621656591892634e-01 7.080830864295306615e-01 4.830539853496491620e-01 2.341983060026275876e-01
7.829703543556923995e-01 5.212733371386115699e-01 1.741265670022273948e-02 5.123491710297043422e-01 6.765094486091972614e-01
3.705551175379959705e-01 8.792401913298609761e-01 4.466926735539319404e-01 7.596015944321725666e-01 9.729766689648402522e-01
7.760078640954981566e-02 7.117072005057191175e-01 6.260971905031771367e-01 6.487580748878823966e-01 4.696357104896545787e-01
8.531035725597149177e-01 3.369010640734099171e-01 2.361705584497354460e-01 6.507957198975200530e-02 5.694733426167460921e-01
9.102776567313486389e-01 5.171816067720282906e-01 4.984226968497612598e-01 7.086084752805380527e-01 4.267477333729121636e-01
1.189965868998894560e-01 7.261996139301859499e-01 2.370228081103986639e-01 2.636044793307783518e-01 6.064556005718896303e-01
3.948051745186031969e-01 1.486367694713726095e-01 3.881320677087429782e-02 1.182951927697240002e-02 9.704449554522621701e-01
6.892948357471443410e-01 1.407894448488932193e-01 8.707846306170777817e-01 1.351966854535963103e-01 8.458009207341808944e-01
1.443895444285465679e-01 9.013901943586110077e-01 6.383593799748297215e-01 7.187313433433577536e-01 7.843064904872057985e-01
9.606682151850040041e-01 6.860392255681126983e-01 5.256837542168307786e-01 9.262863444916107358e-01 6.414108558159393736e-01
5.358807649870540590e-01 3.801802461760142027e-01 6.387768925278940468e-01 5.999273188647067379e-01 3.055435495233312926e-01
6.653534919576491458e-01 5.812135873776133055e-01 1.706792046642219285e-01 3.780514689981642196e-01 4.681868575268807176e-01
9.785052116750234674e-01 1.755647887484187430e-01 4.685377014742607704e-01 3.424638304541468559e-01 5.925388217407614455e-01
5.733260381864102584e-02 6.594647636633343968e-01 5.682333988261136781e-01 9.910043877306092819e-01 5.161595930756655015e-01
7.748756658326279023e-01 9.684818085681290434e-02 8.213678035832735480e-01 4.143254078370514071e-01 1.676966765580533147e-01
5.080113999218152099e-01 6.180391470426094269e-01 9.826170720409372894e-01 3.373231814544329632e-01 7.759374054602453663e-01
4.923526301897641622e-01 7.481915776551475439e-01 7.588644531410734251e-01 2.396559256652921466e-01 3.389014250472448531e-01
2.388326518399750409e-01 2.127095521758735064e-01 5.887690271305534573e-02 1.286241837122106269e-01 4.719363828915350556e-01
5.938499689654773706e-01 4.340799728075117603e-02 9.030339747148317109e-01 8.017412136827791747e-01 5.997375841866713353e-01
2.957475109987972584e-01 3.601126134356829045e-01 8.080060437042151378e-01 4.741409071401164743e-01 8.465159561375794617e-01
5.929509710039058135e-01 5.138250177431614718e-01 8.496118303581778886e-01 4.164538860421598265e-01 5.838274299013070934e-01
8.279623136117952864e-02 7.749160154667431577e-01 7.260039169290632977e-01 6.068060003325381757e-03 6.578259645731010519e-02
2.156189718187607740e-01 4.360839843316561826e-01 5.225069482330374493e-01 5.235428953874063929e-01 6.569459142691368436e-01
5.553120626418122097e-01 9.148419960710145737e-01 3.809233004756947816e-01 4.741709144465050541e-01 5.643420338622346932e-01
3.630366178667144839e-01 8.132636071668004618e-01 8.807626318884790306e-01 6.151057944837939884e-01 1.406674475063699470e-01
9.026314941120883173e-02 2.029799347747702765e-01 3.331643030938397088e-01 7.591463866698884289e-01 1.832149744926634405e-01
9.098416654922845126e-01 1.338063827765950675e-01 5.105800021730138027e-01 5.242549370696566458e-01 7.711774576486891686e-01
7.147172423540192332e-01 3.438902013137840052e-01 3.353526517623849346e-01 5.872423174714453964e-01 2.148943284368028950e-01
2.464479027189206972e-01 2.076158806821881697e-01 2.772845374788885930e-01 3.981209936298015784e-01 1.310811747134432714e-01
5.575213905905129774e-02 6.180101927632509762e-01 9.625775372601714786e-01 8.097412395590593004e-01 9.664348335236340182e-01
4.581524625429167497e-01 4.310253700841193414e-01 1.306670184911741250e-01 6.572951620633442626e-01 9.439135299772926091e-01
2.184653157915550370e-01 1.453178025633757864e-01 9.152895248167252085e-01 5.758349497787591531e-01 3.097956751507257023e-01
6.054007127042020375e-01 9.292308569695277853e-01 6.956612636245161907e-01 7.148565352036144738e-01 6.793219525056024555e-01
5.278174521184111345e-01 5.760719654618271512e-01 4.053600910800346790e-01 7.974276088364707915e-01 7.495947060974119669e-01
6.188506535171856004e-01 5.510080509290032902e-01 3.235416304322696890e-01 9.415464260026704668e-01 2.154473854273312172e-01
8.495438435527533638e-01 8.490935174858769141e-01 1.707818945032616442e-01 1.418515663314756647e-02 2.232915095200588285e-01
2.474396187878713516e-02 9.981430627122811483e-01 6.558884047053742394e-01 3.996247159843491215e-01 2.713542766747515378e-01
4.431867986482052046e-02 2.718053472626448253e-01 6.491455424358061332e-01 6.806808783791362671e-02 2.052116462584464562e-01
9.414902491086543090e-01 3.380060363367879406e-01 7.025248419394337640e-01 9.024606114651452238e-01 5.768355107494356204e-01
2.911910874648028225e-01 5.035001615495431349e-01 3.077653000344637846e-01 5.436340237679589960e-01 6.965306168700728939e-01
1.149839761425424101e-01 9.107369815043521166e-01 6.344127604349907301e-01 1.331943715785800508e-01 3.864556518877237945e-01
3.456648378016990986e-02 4.454458776529442998e-01 2.559245441982886948e-01 8.228034955593001021e-01 7.344348651618208823e-01
8.859445144211124390e-01 1.863602152763239594e-01 5.401948802333992328e-01 3.228422162625421699e-02 7.642154590736464082e-01
8.939305314745736863e-01 2.490514876786392717e-01 7.743665002344788384e-01 5.419648619619333862e-01 9.814426809840411936e-01
3.333546726772645963e-01 9.673608053701829856e-01 7.315305078567498898e-01 6.607882592502143382e-01 3.086386675468327789e-01
2.118363208069946602e-01 6.751319893919099924e-01 2.971831289452021574e-01 1.863331753720023354e-01 3.385016625905848953e-01
4.621182572326641980e-01 8.682679265670555369e-01 7.828339522525457062e-01 9.584029530319317924e-01 2.827080771858785369e-01
1.818687949238262380e-02 6.335511293861672000e-01 5.744405801963271552e-01 9.943427949970777835e-01 8.341087337027653925e-01
7.006685354928244847e-01 4.787984927292477932e-01 9.535780451656553636e-01 3.904984150949684096e-01 7.085347417387407587e-01
5.713290189768714944e-01 2.070044206396608466e-01 6.401148737386567200e-01 2.385733146974100549e-03 4.474736003050124866e-01
4.399964991278974002e-01 3.301666655069934730e-01 9.068325334970220863e-01 9.021845274478205168e-01 4.845008612417706084e-01
8.040637736194099494e-01 2.349087734459299748e-01 4.071370858191267761e-01 2.347082389590116058e-02 7.101971447897835743e-01
4.905211378411652445e-01 4.681740935757315869e-01 6.691808629969160371e-01 9.372669513207881886e-01 1.883543204070725618e-01
3.778599023510884614e-01 5.183644025463018945e-02 5.137265519062382824e-01 8.863966638900154793e-01 6.188582392536196020e-01
9.999778452090397618e-01 9.372256595068770846e-01 3.822085363004179559e-02 6.238820365352687469e-01 4.046130133211378599e-01
6.069209673301320107e-01 9.266690816670032360e-01 9.996712492556650842e-01 5.398173207972437604e-01 5.621312135049103542e-01
3.198767858443697376e-01 4.775358409819911998e-01 5.267982815764815641e-02 9.093828443687452801e-01 1.254438023209688557e-01
6.332209041616079226e-01 7.720581925076687169e-01 8.525305906069533535e-01 8.423789798771715853e-01 2.675987078168047262e-01
9.179032478884413537e-01 2.238558174752938168e-01 4.699241468526254017e-01 1.845943282608131231e-02 5.253534625765645671e-01
3.133455418040126395e-01 8.685840145085048647e-01 7.386812812996637057e-01 4.033815475609394685e-01 1.407835152640983800e-01
4.217147247229546814e-01 8.724780032443012479e-01 4.148191645432892649e-01 6.579064658755635620e-01 8.769043462980277148e-01
2.146542672483048309e-01 9.737084691984572160e-01 9.909548650144398563e-01 7.433751116407616433e-02 6.511729654051706673e-01
3.724959050233004332e-01 9.100493974759206184e-01 7.207799874465998791e-01 1.467564617954897344e-01 7.055860066100375638e-01
4.052279928074140614e-01 8.670905253096078402e-01 5.794261078399900455e-01 5.611049247334580770e-01 5.017684967307352029e-01
3.932881913937802398e-02 9.659533164433857788e-01 8.191536435759937396e-01 1.076765000306929565e-01 6.679313902553914994e-01
1.449882978602713424e-01 4.183305737292004611e-01 3.726192957717011645e-01 3.487499803292319900e-01 3.228488274397954827e-01
6.189479732892270158e-01 7.025678065832430264e-02 9.676271660217228288e-01 8.150894611903809484e-01 5.752843548849158051e-01
4.600516112555285142e-01 8.566689633922931479e-01 9.655688540035067824e-03 9.430667238602794544e-01 6.700926948326704213e-01
7.590562240126077498e-01 8.804947870451864667e-01 2.518687452647261349e-02 6.459977567072870963e-01 7.142632044205149411e-01
8.383239041471383102e-01 8.030012836898879902e-01 5.662531705307252139e-01 6.836355662572225489e-01 8.384345196203407680e-01
3.118931868985439504e-01 3.899173278693990330e-01 1.259885668712062978e-01 1.504794672421045920e-01 7.264411531793432131e-01
9.570377162076966204e-01 2.114643272309757460e-01 7.748714893961072825e-01 9.184072190541927583e-01 5.018464718254860291e-01
5.701152143054321053e-01 3.554052101189942858e-01 9.557056561367919256e-01 5.316311511911164800e-01 9.306915898095904360e-01
4.661844304271001160e-02 1.445838602142646145e-02 3.536005929578335261e-01 2.354518111852343942e-02 8.713770651186059091e-01
6.365988970457467921e-01 8.488457141253226146e-01 1.626468140604827584e-01 9.741732842252145419e-01 3.500634940890088309e-01
7.156737145770666331e-01 7.830613763631582014e-01 9.477390601781128243e-01 1.914689438944252586e-01 2.856197927629022804e-01
7.164549319231786617e-01 6.928747560383169413e-01 7.998728681727168555e-01 6.088422620688204168e-01 5.713820895557257806e-01
5.350045643320469058e-01 4.461249596682059781e-02 3.254838477474126801e-01 9.592030339662017679e-01 2.367546957413934061e-01
5.298958535854365604e-01 6.056776849734966106e-01 7.138180337664496999e-01 1.377791810368371728e-01 8.910037906046803791e-01
6.463608492200051403e-01 2.927908366667579809e-01 7.939097414352441762e-01 9.636450863514245402e-02 2.428903638032788859e-01
3.686973940347239020e-01 3.767164137703009619e-01 1.674581925298634921e-01 5.061218721596484338e-01 5.072974125388023392e-01
4.884652955350315962e-01 8.229855407962908265e-01 9.862246913553569527e-01 4.787964449068834449e-01 8.000992291075739171e-01
3.799601715503605481e-01 9.378800006008212176e-01 1.115103516219817514e-01 7.779548287355232405e-01 5.720620196982189043e-01
5.204752411701762949e-01 3.704277090894920743e-01 6.828543401411115710e-01 4.641924356632782800e-01 5.774560310037533117e-01
3.775314961646314416e-01 7.692212933516116014e-01 9.871429761605874376e-01 4.006371364913944300e-01 5.451032157574760006e-01
5.777322738585434214e-01 4.427582835446909337e-01 3.662601374573252189e-01 1.017450837440763145e-01 8.341102485917517573e-01
8.185881993038658377e-01 6.300096945747309940e-01 3.545655062348328501e-01 4.781647781638576067e-01 2.335845143733272788e-01
8.232356394815978362e-01 5.484296492671076884e-01 1.079174179191736416e-01 5.929202952527120596e-01 2.518819982363471599e-01
1.482966495857787059e-01 5.810545076479743942e-01 8.016646496652033438e-01 5.135461541081501879e-01 7.851161259069383558e-01
6.221623817116828103e-02 8.861311124513242543e-01 1.871950828615165374e-01 5.387361841387239281e-01 2.817774162552216799e-01
5.678663456465867787e-01 9.982792058691650761e-01 2.641379187678657425e-01 5.946352187347851981e-01 8.140351763844294597e-01
4.148663576894182636e-01 5.044772742219195694e-01 7.829962420087901442e-01 2.151538360426502594e-01 7.461934574219888372e-01
9.461658973351667612e-01 8.402594588244568508e-01 6.667442117221649145e-01 9.384421339423204556e-01 7.485581435791645033e-01
1.062500024930711495e-01 6.394767427701474327e-01 3.867272226329163676e-01 3.255752239284813720e-01 6.704510265300007710e-01
2.605612634126885929e-02 3.957769440258607219e-02 4.383633111747209377e-01 4.942943439717809584e-01 2.967535932227477469e-01
3.424205585138807573e-01 8.338619814675906072e-01 1.430728176809892283e-01 6.249872756439878163e-01 7.618585094557511761e-01
9.232025435771251676e-02 3.597109402858251759e-01 9.008525558857158888e-01 3.313163690030346276e-01 9.684795054256367663e-01
3.114174953360596687e-01 9.093474557616130216e-01 8.582725447749355308e-01 2.848660332142678442e-01 8.462022267208513249e-02
9.970973293129996584e-01 6.888111540888673945e-01 2.674314509473530999e-01 8.806340779474072233e-01 4.152046746604384220e-01
5.141782761979576399e-01 7.915415202375579717e-01 7.726779345072410932e-01 3.938443796272017572e-02 3.720527259172646817e-01
4.450838733198473340e-01 9.176919258590167106e-01 5.271530333545729752e-01 8.899602317403839669e-01 8.948072337215867700e-01
5.023049454445525086e-01 9.791520587615092364e-01 9.762152467656489696e-01 7.136345807515497297e-01 8.386986242665084301e-02
6.732071640543013658e-01 3.591119486900895552e-01 6.434948921651021392e-01 1.764602342066723395e-01 7.549449670567314197e-01
8.752867595446170990e-01 4.433884938628304129e-01 9.854906606768901733e-01 1.139587694852173261e-02 1.395190857840040710e-01
9.544890328316727457e-01 6.780851529119589216e-01 9.735420490033189767e-01 3.488740758965669375e-02 3.860618490358687094e-01
7.576658685575528018e-01 8.516106323703296344e-01 7.454760832527365100e-01 4.234311517203747099e-01 5.206139196555469306e-01
4.415922059645892572e-01 3.000974274425923793e-01 3.833313737030583646e-01 1.386440185166147865e-01 6.169913889784949257e-01
1.319632731688333838e-01 7.108675058425509841e-01 5.509101010065364790e-02 3.691419641121032047e-01 3.169677047002771308e-01
8.598479090350832355e-01 1.191639221817903938e-01 7.240439799206771498e-01 2.717013369610019602e-01 2.493840728111529348e-02
9.471895998623472979e-01 8.973087914684985122e-02 9.402119960919118613e-01 3.285328302622658736e-01 6.347122424232317650e-01
5.428567084917281793e-01 3.145122202172181414e-01 6.841019492506905664e-02 8.725166441620679780e-01 2.895124205435524178e-01
5.749737313751198675e-01 4.405071141870168239e-01 4.933819126977677660e-01 3.822412197748574769e-01 5.728209046690276862e-01
4.428283867777043081e-01 2.180420142044651177e-01 2.228961143385983501e-01 4.534311060673915650e-01 7.835214326556662057e-01
3.275852342776643944e-01 7.966465651095452349e-01 6.562191498687763858e-02 2.587438897841199958e-01 6.706892655763059263e-01
7.092180142435330348e-01 3.311768123985614487e-01 7.685689158030335477e-01 5.432938851118931378e-01 5.437865781382551500e-01
3.791247238387227547e-01 3.494970319612533682e-02 9.543830504676146242e-01 4.048667948404932604e-01 9.753423943206322999e-01
8.417315688209072722e-01 2.401898659091354915e-01 3.471936415301823953e-02 8.231832560991876324e-01 7.602178927134417563e-01
9.691585273726247562e-01 1.051710400635298415e-01 3.131265325810886901e-01 7.934268555605762385e-01 5.540295077618816455e-01
2.627079570458370483e-01 6.636657737549955804e-01 8.109680063001145633e-02 6.831654708602554749e-01 5.350519791881179765e-01
3.303149105671318031e-01 5.731131454786158042e-01 5.634138688532019934e-02 1.084760195988687670e-02 8.514611745733636772e-01
9.663706851353272009e-01 7.747637927709704053e-01 5.231224326028016680e-01 4.591030134027054288e-01 1.167295407911922434e-01
3.838930494453143272e-01 2.430616767228219732e-01 8.181234723939668774e-01 4.951550278308787245e-01 3.202546759885662730e-01
7.122343592969930803e-01 1.196040246482233949e-01 6.934117813597384661e-01 3.695581277457959946e-02 9.490953447758189165e-01
4.539026936062183770e-01 5.851089794584849457e-01 9.896855636009666002e-01 4.169304651000425022e-01 2.169920973105698980e-01
6.793185280395276360e-01 3.652307364312507021e-01 8.532769803500926953e-01 9.367839701132470998e-01 4.368588196364545650e-01
1.081465310579863282e-01 1.504933122446968641e-01 9.231716761766571855e-01 7.070549055711137232e-01 4.040213511696142401e-01
1.350353796918193350e-01 3.469994243297550574e-01 8.389959060538276781e-02 8.055212172095950196e-01 5.474902594236837894e-01
1.262857371202354972e-01 2.555704858719318739e-01 4.813599811583353372e-01 9.325884457196687016e-01 7.291502897573898245e-02
6.587918137772745819e-01 4.836454624624318965e-01 5.233982070642752005e-01 6.911826618890442031e-01 9.971072376865398601e-01
3.046335883310854475e-01 7.288459578885347900e-01 4.348106169838988899e-01 2.816591235654944958e-01 8.893633503434309473e-01
4.240370887171915903e-01 4.671828432312172819e-01 2.396505012976322124e-01 1.321488498622557239e-01 2.434884800501239122e-01
4.394811043278135099e-01 9.728210003613106949e-01 2.105725113104668367e-01 1.008312084786711083e-01 3.234056189849234819e-01
5.785400819004958839e-01 3.446417078631407449e-01 6.756886730284293874e-01 2.470710164346072713e-01 3.887180967967166501e-01
5.601788994965727353e-01 4.079855046623634962e-01 5.368786866974371019e-01 5.896749374379417485e-02 1.955598345522772119e-01
7.435963575888571153e-01 6.530080677436203018e-01 5.965723021658652092e-01 1.708345705859820596e-01 1.024052091729633629e-01
8.251408878138126735e-01 2.958607392494585486e-01 1.101712817303607261e-01 7.394854461663742384e-01 6.184646398865824013e-01
2.279778112183328265e-01 7.664711072423459060e-01 6.822254014534501199e-01 3.358742042236068093e-01 6.148524951771349167e-01
1.904588308144971043e-01 8.243751905697901394e-01 1.672891889071681515e-02 5.225150177177686484e-01 2.544613761478187186e-01
5.725345618931410030e-02 7.034674312354614045e-01 8.477748292556369636e-01 3.859658895398780931e-01 7.718993521792788526e-01
8.700781417967659026e-01 3.524454346488039569e-01 6.304930280239143814e-01 1.383539864164492483e-01 3.796199166591132101e-01
6.992322769047111253e-01 8.442679831213595332e-01 1.102091340866987457e-01 1.197187216414442590e-01 1.633930195632614657e-01
4.988414614029417216e-01 2.750217268756354194e-01 2.888647760912044227e-01 2.404951204406746701e-02 2.758098399218107399e-01
7.364296470344551260e-01 6.029832438165948494e-01 2.027180710670414276e-01 7.759932007836086720e-01 1.170389235641843273e-01
9.275874236836751940e-01 8.036579659485787452e-01 5.068563870943525451e-01 8.721542731482813116e-01 7.816124731987220686e-01
6.084475098594750442e-01 8.054740856727576892e-01 2.898372197157623731e-01 6.925074086346529878e-01 3.057641366268664118e-01
9.833548026795104757e-01 7.202798393436786739e-01 1.439716472989952534e-01 4.106555257185064978e-01 2.924030724519569580e-01
6.838775307795725844e-01 1.038020980770633095e-01 2.324974202217945374e-01 3.849743106242473623e-01 8.912163876900781601e-01
1.754018614208774363e-01 7.499850611762571839e-01 9.281489771140040146e-01 4.388171533021172355e-01 7.457300899478304101e-01
5.969671548683571638e-01 3.410625271511492640e-01 5.664306976535561367e-01 2.930069197082642019e-01 1.320277428243876727e-01
1.627411948922592444e-01 8.582427298638624080e-01 7.616483949592157687e-01 2.121871206398958654e-01 3.013261779966969200e-01
4.399433734800940465e-01 9.907652371240658340e-01 7.161502211218451208e-01 5.010821988967781859e-01 8.390009680244401302e-01
8.111936697046527867e-01 5.276115177442884940e-01 9.375241217614188605e-01 6.456407974052549292e-01 5.997040540008937715e-01
8.088570783303973277e-01 5.991992903329280695e-01 6.888581678581753298e-01 4.646156642743695109e-01 7.816843694872088744e-02
1.761002320361506612e-01 8.988518477417848374e-01 5.439921710386173004e-01 3.656555750606971245e-02 1.893274407125472569e-01
4.625195926883549635e-01 5.151874317217172150e-01 8.752653386572261107e-01 6.198471613837649441e-01 9.744478320819124351e-01
7.272330547051704119e-01 5.419565557956410595e-01 5.099529812827048314e-01 6.494369323326421028e-02 9.685418105949250567e-01
3.846199360158527591e-01 7.077784496975515482e-01 8.874832890138603103e-01 1.069896693711973601e-01 1.669957238517584264e-01
1.606335587510280272e-01 6.078736671090145816e-01 8.660345284650867725e-01 4.093973034641695818e-01 4.977953477783024772e-01
2.318355487224795786e-01 5.251897753748058228e-02 9.466588166438164587e-01 8.143831909097808408e-01 2.435760041421425326e-01
7.855845127614857759e-01 4.128515898621878399e-01 9.429621083677330873e-02 8.909187418051660590e-01 5.244971843575846338e-01
2.335344912296666298e-02 5.505995231555762537e-01 6.786314983762744557e-01 7.986254761933865298e-01 1.081996967188116887e-01
7.489404860265210795e-01 2.117639867123213282e-01 3.077930331540537079e-01 8.553422497274263403e-01 4.408841052907118696e-01
1.359952828801818114e-01 6.326009708597438719e-01 7.709746700491055815e-01 6.017740658197064940e-01 8.504400453406769644e-01
8.157909283567666980e-01 4.038913992510704265e-01 7.917767712326885254e-01 4.606589118760774371e-01 8.142298256199250739e-01
5.319124477103835957e-01 7.253127750397025952e-02 1.043340220951052277e-01 9.137403388660746417e-01 2.136770779096706097e-01
6.093165627343255508e-02 6.375411954065762776e-01 4.600967972400320516e-01 4.901225504845256875e-01 4.907301146918363610e-01
4.488467678227151536e-01 4.915862466600774416e-01 1.589603197605482521e-03 9.370188689112317615e-01 2.749437099326055289e-01
1.115264265945483668e-01 4.177465562497617579e-01 4.709111114994184444e-01 5.878500694697167406e-01 5.493715586892914393e-01
1.546552726155085988e-01 6.598830286783405885e-01 6.033492935609142682e-01 1.730921477018627641e-01 4.355988269841359894e-02
4.158388739274129220e-01 8.809734308203562847e-01 4.339303684962730889e-01 1.426449437950843002e-01 2.191610874720696378e-01
5.681354760697622241e-01 2.920655935408059678e-01 9.355372483965022079e-01 3.102019749079278910e-01 6.038898659956556392e-01
4.267218437063324821e-01 2.588619851475901790e-01 7.676073676083240427e-01 1.893801019276107889e-01 8.425318069227504258e-01
1.785518411991240395e-01 3.766868625565520379e-01 6.502025897477151650e-01 4.064087752374537788e-01 2.172238682994604986e-01
1.912730279172937253e-01 5.828913632812103840e-01 9.628595075486463539e-01 9.314507736234319824e-01 9.231065588513900355e-01
5.702220183967265932e-03 4.568636847396455591e-01 1.998669199908449379e-01 8.978840283856533988e-01 7.155120118592159795e-01
6.897395195729469908e-01 7.028286678093305095e-01 9.544859599544555095e-01 4.285888439283060958e-01 6.834005502815304611e-01
8.782395285822587327e-01 8.609206741563256715e-01 3.156190289314678710e-01 2.735070222984793409e-01 1.306954920906167050e-02
4.144796121487481777e-02 7.445235408829453672e-01 1.747716980576814461e-01 9.194826736649084342e-01 3.317164909096390613e-01
4.506343990385490716e-01 7.944536496921510427e-01 4.055541805248183973e-01 9.153672162778424548e-01 6.153424564902222338e-01
4.558516276615931506e-01 6.536500448535791374e-01 8.773123835418671357e-01 5.072665811733798602e-01 8.667516802541894716e-01
8.186292992812276292e-01 2.769996853596908837e-01 1.620749731832108465e-01 6.622042277497144358e-01 5.715236550854585484e-01
9.512323372008169020e-02 4.115941189366623121e-02 7.933080940068393261e-01 2.479734896181400305e-01 1.224017191087491963e-01
1.171944851379870256e-01 3.553966722386724397e-01 9.112748410960468393e-01 3.122944581024489352e-02 6.928383303871138432e-01
1.705901436364131163e-01 4.809009105887915858e-01 5.305427872427087577e-01 4.145130174412556823e-01 2.163673349087298359e-01
7.867440927920834604e-01 2.578231431485203951e-01 6.042617780209339484e-01 9.924307210322016459e-01 5.045863316170026147e-01
7.039172166778687734e-01 8.137948705465380961e-01 1.926381474476447364e-01 4.681292288975109628e-01 9.954639607700160875e-01
8.681502995552774493e-01 4.812569719092756326e-01 5.999565898234441308e-01 6.081602814844593308e-01 7.892360392088484389e-01
3.102287463753128360e-02 1.111556995697290384e-01 2.541096716210247131e-01 8.773255226972820342e-02 7.331103313699357527e-01
1.865124061007287226e-01 4.633674665775706636e-01 3.627130512434001419e-01 1.057487945607396007e-01 3.086149704289540274e-01
6.516579100468969932e-01 5.635098705420525933e-01 3.470988328238240328e-01 4.464799869989483083e-01 3.876292164281567310e-01
8.879566368112868924e-01 9.780578781229239960e-01 8.592619609378526757e-01 2.082153816419868297e-01 3.740495668773849980e-01
1.014691120531155955e-01 1.078380164226633298e-01 5.771978004058941902e-02 2.209963055250028230e-01 2.092583358967166074e-01
7.636180915818424619e-01 9.171398393599461407e-02 5.786599048703002790e-01 9.966618051051298055e-01 5.488204889689429766e-02
9.941930407559758098e-01 9.237195197011995873e-01 2.912126723747914259e-01 6.166406982069841947e-01 3.133882671650891627e-01
6.459881914098919431e-01 6.959889212647943912e-01 4.158058326698266249e-01 7.445956073288190202e-01 9.087358268701232200e-01
8.980660292010483881e-01 9.343566501588712603e-01 9.581825300562172298e-01 1.609870442243512834e-01 5.866022151285973374e-01
8.914388474313000854e-01 7.110379947735930850e-01 2.882958581769318185e-01 2.646919110591564595e-01 5.876681797804280682e-01
8.362937036752491338e-01 1.902710523249474539e-01 1.945457695618714178e-01 7.197900554483882551e-03 4.277164214224512540e-01
9.551095395142595867e-01 3.166817572117990309e-01 4.843451308321904403e-01 8.700666594241760476e-01 6.896904756332596920e-01
8.104875753397069449e-01 1.452257905121564496e-01 5.369319514695893858e-01 7.409077726217688786e-01 8.413649690800414360e-01
5.151196380734373026e-01 3.407109824023321076e-01 3.164386266040490892e-01 2.688956700061477800e-01 2.376728746830796268e-01
7.998186995944243094e-01 2.809532510216119494e-01 9.545927723865655912e-01 3.471525197973225341e-01 2.928233644361675214e-01
1.060934471005203772e-02 2.135123610919515968e-01 2.202985903257264066e-01 8.875465261144297457e-01 3.818305128499688283e-02
2.215940844529420417e-01 1.356316496294507346e-01 2.175000268102191825e-01 9.749154734095252239e-01 3.125161669144572718e-01
6.647414898736495603e-01 9.066915050949230226e-01 4.128195933588264532e-01 1.644058608058478477e-01 2.699465253859552050e-01
9.073067472223614871e-01 5.552058700325678275e-01 3.179061794909630034e-01 9.435886789894680771e-01 8.340251350711813672e-02
2.210841625465209681e-01 6.697105867960871928e-01 4.001993125053593392e-02 3.368312785025887601e-01 7.692269040460313345e-01
3.771800104897415906e-03 3.110352176823147907e-01 7.496456200777433798e-01 5.621681963734529441e-01 7.959846796052272300e-02
9.307611348791572370e-01 6.464804444110847648e-01 7.801269999302182789e-01 6.360964073824195708e-01 9.164161341016497930e-01
2.775973692328371767e-01 3.347349507089042442e-01 5.465519582511410013e-01 3.569242595428256948e-02 5.147690373118694040e-01
8.442552747405329683e-01 2.052359839966559907e-01 2.943023483852489353e-01 4.094402159483108150e-01 4.337651208924152568e-01
1.463119227293248059e-01 6.641162227790260442e-01 8.271835703731191813e-01 1.042916367493004204e-01 9.617265760199371627e-01
7.456834204120860177e-01 6.897236924760831167e-01 6.970029685348165804e-01 7.788907518423187071e-01 7.984358712265359204e-01
2.101230465016303839e-01 3.188487827584528533e-01 5.530661300587103035e-03 8.075681307713378221e-01 5.912958800215453170e-01
2.623933322020415293e-01 9.507106700334742033e-01 2.643865632492330420e-01 9.169743143354353032e-01 8.995096137827154337e-01
7.782173671289079886e-01 4.146170522315403284e-01 6.891989730813709025e-01 5.880952043683016495e-01 7.274291574603773958e-01
5.258958242579409026e-01 7.084323607804162704e-01 2.077468353743230356e-01 5.259137503168124228e-01 9.748647409339192826e-01
2.439909731531997306e-02 2.522001043383937935e-01 4.363574666899305843e-02 6.150570588211926593e-01 5.920197890296472476e-01
9.087311828166031447e-01 6.688421649480408293e-01 3.414712262360448669e-01 2.119390974418597917e-01 2.238572472809688962e-01
4.641321285170063593e-02 8.143053763878227436e-02 6.514675067160665689e-01 6.474402702411954369e-01 9.944563428177217723e-01
1.444999250536844748e-01 8.450123516315566352e-02 5.588306071004039977e-01 4.333156758998146785e-03 3.571627741090023234e-01
1.067787014723023953e-01 8.380059391112530953e-01 7.513797712814618279e-01 8.565628802357742044e-01 8.163089533286261856e-01
4.443420055582880668e-02 3.777203671460050982e-01 8.583684379912316365e-01 3.861150895355566215e-01 4.753379762277523124e-01
1.799586912420998441e-01 9.176174719405982838e-01 4.771097959682973899e-01 6.916969826517845865e-01 4.287357803581038906e-01
2.945427536772182719e-03 2.170295224220719632e-02 3.437128533145470399e-01 8.135095052032131901e-01 4.426491662802096716e-01
6.370096487373302363e-01 1.280883589192587380e-01 1.310155494964228007e-01 4.670197466260297414e-01 7.667507686950485457e-01
8.291928524852457683e-01 5.373446186756755116e-01 3.547685349103260055e-01 2.276909734282631659e-01 4.476480068088173336e-02
4.694898240145600754e-01 8.035307164914887723e-01 4.061584172479282273e-02 1.961014266624189206e-01 5.980355500633609545e-01
1.813549598150636655e-01 9.841995984555595989e-01 5.175908499432331222e-01 1.273243819587857040e-01 5.726068075855552664e-01
7.992017710097093497e-01 4.623023575155896792e-01 1.530380536553415105e-01 6.885458603159523294e-01 3.729953769916561912e-01
5.374290982335048206e-01 7.544066714807438068e-01 9.717783475553438688e-01 9.590454179004482826e-01 4.312572698269514504e-01
8.200808968952543188e-01 9.853184551294750237e-01 5.703385706308088388e-01 3.694862464189208051e-01 5.464047123808466466e-01
7.646268337258834702e-01 3.901443904639811944e-01 3.241047063790498672e-01 3.025438201170292940e-01 5.905112957988490896e-01
1.209269701227810856e-02 5.451080105808820964e-01 2.821362927931795328e-01 7.825030751884932689e-01 7.390270161943370830e-01
3.452135429405462919e-01 8.203512946017346152e-01 9.423483873060205518e-01 8.858478188994592939e-01 7.496280931727069552e-01
1.458472970076366559e-01 5.801892440530588280e-01 8.965257646685845794e-01 6.493281541323177031e-01 5.832404699474116327e-01
4.925223805357268336e-01 6.193500906453919264e-01 2.230123547292373054e-01 1.978092127720529891e-01 4.688287956396797185e-02
7.583510794290666546e-01 1.420544118222698549e-01 4.205865425935313429e-01 9.701994245552320040e-01 6.979857247138326892e-01
1.594079466483494523e-01 5.252297308485086580e-01 2.433948969542051310e-01 8.664984008293228346e-01 4.530246476327787208e-01
2.006526893239948262e-01 4.481663716616951509e-01 9.628117646063062418e-01 6.069677430168086696e-01 1.518692538133226133e-01
4.785293231172289552e-01 8.150622011286556834e-02 8.068477355044708643e-01 2.265589901359066349e-01 7.558409277020385897e-01
1.736730832064562469e-01 9.737754198230769154e-01 4.341839862930269023e-01 4.842316298444925282e-01 9.351169747232362939e-01
7.301482806851415930e-01 7.288409896951163480e-01 3.805089489576830575e-01 1.320011670582006413e-01 6.688424589878609883e-01
6.118769581431394711e-01 4.294649034567519230e-01 2.603343694840308808e-01 2.282363372363713783e-01 4.942751044917041980e-01
1.226120538855970388e-01 5.745925650362517789e-01 3.890495831636066049e-01 5.643341159142674091e-01 4.157909576703182619e-01
5.369262169097229753e-01 8.448642572698905617e-01 1.214777606168979673e-01 3.135270970569796756e-01 8.323806344141224667e-01
8.947434138563448158e-02 6.596791601913509773e-03 5.367259291443127189e-01 1.856837983940969883e-01 8.106023082878733854e-01
4.797740056716524037e-01 3.307086679287655206e-01 4.861371921547327224e-01 4.553881340837475644e-01 6.673640831004267193e-01
2.991102425264684506e-01 3.976489112836394391e-01 9.524898263681188526e-01 2.499757817789760583e-01 1.454712691939952229e-02
3.181882996695408750e-01 9.073599856826504162e-01 9.323281833662112605e-01 4.365515132980932744e-01 7.472586142483649274e-01
3.167597088923901349e-01 2.255219362145143291e-01 7.612889330275628419e-01 5.483707893734239835e-01 4.992555924869339634e-01
8.470989693430637235e-01 8.498355315075502014e-01 6.281554561034597972e-01 9.152572627149839768e-01 4.687217038661575241e-01
5.237408383574475579e-01 8.184202291194343504e-01 2.800157302963728334e-01 5.323838512938221523e-01 8.445815620738242879e-01
7.387107108812853706e-01 8.769041401207567921e-01 1.004029965935908653e-01 7.240371120180055797e-02 5.546728826239766263e-02
4.343798812358907746e-01 5.739391106905852302e-01 4.054021388757548250e-01 9.212566316480486073e-02 2.587484465598675065e-01
6.013961644777460203e-01 9.430755850019894027e-01 9.468092014083406838e-02 6.836310273813631655e-01 9.289655294861899337e-01
5.875870641489966406e-01 3.724218148109922355e-01 4.640812318076457110e-01 4.929779012878263700e-01 7.553203563190258318e-02
6.402611949796567226e-01 1.792356577437793641e-01 9.082251323295698064e-02 3.801356048989670278e-01 1.325158659896344959e-01
1.321919463542764461e-03 2.028181237823423189e-01 9.203348966208561022e-01 2.831057348337258084e-01 6.433131401300519192e-01
7.037767185548579052e-01 7.260182507764720850e-01 1.847189725451139353e-01 4.726308037027384668e-01 3.055288809002282280e-01
2.233159030395186484e-01 4.448921130002196911e-01 3.962083511078902109e-01 1.981221348412605110e-01 2.153782356143256749e-01
1.324031249869207505e-01 3.122387198575782286e-02 1.263989601671671181e-01 3.334437190072453427e-01 1.680395032404046196e-01
7.297225432265367351e-01 1.868626838569930060e-01 9.378266798486825095e-01 9.672300724776531355e-01 1.501241253197458381e-01
3.804010532880480744e-01 9.030192559886799364e-01 3.140104938765461151e-01 6.018212550322727949e-01 7.321936475164839697e-01
6.300352114879230747e-01 8.720974753711859817e-01 7.721450554218376450e-01 1.221914312715274287e-01 6.641590535149742847e-01
9.448569668825078649e-01 9.619651761365479725e-01 2.421567817085689134e-01 9.186398732018752344e-02 7.565344017710941005e-01
9.530247300357066464e-01 2.334877654151065185e-01 6.899858035671108114e-01 5.800625007767563623e-01 8.948169375247091439e-01
2.076920000344784079e-02 6.048025180903685571e-01 8.554075212318662524e-01 9.539022984932113980e-01 8.279403715007859210e-01
1.426690187935395482e-01 1.561293795364726567e-02 7.513497227937061540e-01 2.089721578589172069e-01 8.478947169208091994e-01
3.943435809776210110e-01 5.424255826489995380e-01 8.209637011389538941e-01 1.450367112919274115e-01 6.251830481050283383e-01
1.148548221111685974e-01 5.404523580609432720e-01 1.476097427115186100e-03 6.383859051498292914e-01 1.238731692881810398e-01
1.726580735569011038e-01 1.178751743335622049e-01 4.241950537511055552e-01 7.513955514360112220e-01 6.862882929584230851e-01
2.388260938354612728e-01 5.481450964675587123e-01 2.917815223622417520e-01 3.748598808415288808e-01 7.075817633651280136e-01
6.558532825391646393e-01 5.632053369880785088e-02 8.193146059435728601e-01 8.366892475614424729e-01 8.624727255096141798e-01
5.983337359219629281e-01 4.001053394366994587e-01 9.690914749553949381e-01 5.871095375523706084e-01 5.311124260948839604e-01
8.477116687300958464e-01 8.157949923738663234e-01 3.586146817358486505e-01 4.037492435936694823e-01 6.899798803288552662e-01
9.964768558287078193e-01 1.201466952702963109e-01 6.183202370225742150e-01 9.934351240832315355e-01 8.612520829697983826e-01
6.495532922281581634e-01 2.562545357052998796e-01 9.520321262085159608e-01 5.666734814904461626e-02 6.567847349555827607e-01
7.757539681049475666e-01 3.609528656412127612e-01 6.190528078293838776e-01 4.231727595219729743e-01 8.260972365784667870e-01
5.713729223841068627e-01 8.427451410854103209e-03 7.289003049585238703e-01 5.550537458059954243e-01 4.914716553609783656e-01
9.548439495169869229e-01 9.028803112097326666e-01 9.294981623204848775e-01 1.962265594915213462e-01 2.572594333535749289e-02
9.175130902430930213e-01 4.813226748212373618e-02 8.189799950012001117e-01 5.442883496306242241e-01 1.967164644897944070e-01
1.497018755972502335e-01 4.240503108751257910e-01 4.921584130206315688e-01 8.809651627809248486e-01 9.750825076557996240e-01
7.363581081615101498e-01 6.662353606098235792e-01 7.819915250452631472e-01 3.367791007206956122e-01 1.593612695891400977e-01
8.796512125153076456e-01 4.091586903608855907e-01 3.421402301543597924e-01 5.757280067029143522e-01 4.260007974036781331e-01
