3.264036893150967789e-01 8.769103227668925138e-01 8.652334454644778905e-01 4.234991431281989183e-01 2.336418399429200932e-01
6.168688756333776668e-01 7.696125127013434541e-01 4.115608094503320213e-01 9.506854996585963891e-01 1.110443968517977886e-01
2.510897701773990853e-01 8.783935016831014853e-01 7.533107302037868047e-01 8.765452144342622542e-02 4.668516743779094202e-02
6.803530407874625041e-03 2.677759360424663004e-01 1.402787759643220333e-02 8.027281566940278612e-01 4.195103623532763226e-01
5.927659823421808083e-01 3.360714895629608456e-01 7.092682041144346972e-01 5.916151447734405711e-01 9.309753109995310139e-01
3.288920976022471354e-01 4.829391363164811102e-01 9.654937115182815610e-01 4.097717543823247155e-01 6.454678793059565045e-02
5.649851821521856277e-01 2.516596591396811355e-01 6.862894533849016598e-01 8.704797849996301906e-01 5.504809605441907117e-01
2.825650939443773435e-01 5.172702918124574278e-01 2.318087459225843805e-01 4.765567089710259774e-01 9.475240967167783968e-01
3.277949719920992822e-01 5.084066663480860671e-01 2.350805935942889002e-01 1.898024224354182277e-01 1.459226966619747712e-01
4.696114333299462595e-01 3.666630335321687806e-01 4.843612530700897034e-01 7.345853016826170423e-01 1.508875637573311446e-01
5.350097164271991890e-01 7.349231187199167792e-02 1.401740462001588305e-03 4.165554947598354429e-01 8.516060220005230441e-01
6.475392459322172334e-01 6.249940121719951280e-01 9.654723192009566635e-01 6.335647594844617814e-02 9.275352345179175284e-01
3.790558598969208104e-01 9.004707795631418099e-01 9.758472036939995764e-01 4.041982537099576556e-01 1.549255299014759002e-01
5.760894922607316948e-01 8.122421567896933592e-01 7.366194219916235575e-01 6.319476666650606367e-01 4.876120390457261422e-03
5.633887208877230712e-02 5.184036296634076946e-01 3.732456551476651674e-01 9.359077107059442513e-01 6.443205820799369210e-02
8.359581091476934178e-01 5.055181381069503432e-01 8.699171283699536072e-01 1.300209941045916695e-01 1.299260832397924892e-01
4.724409694538650450e-01 9.694717151456102577e-01 1.671281664840729153e-01 4.328480631564740611e-01 4.476620491167196958e-01
8.732325966555593011e-01 9.574344796153749781e-01 8.011668546878909503e-01 9.674610471774948151e-01 9.290189252532115027e-01
3.452135429405462919e-01 8.203512946017346152e-01 9.423483873060205518e-01 8.858478188994592939e-01 7.496280931727069552e-01
2.388260938354612728e-01 5.481450964675587123e-01 2.917815223622417520e-01 3.748598808415288808e-01 7.075817633651280136e-01
9.769409650778102527e-01 8.953920813372084897e-01 3.808007810911883118e-01 4.863909144318632194e-01 2.525522336144868651e-01
7.590562240126077498e-01 8.804947870451864667e-01 2.518687452647261349e-02 6.459977567072870963e-01 7.142632044205149411e-01
7.555304743354120944e-01 7.828641445329872495e-01 4.158880835097595874e-01 1.602786418256318957e-02 2.542170863985760976e-01
4.130349385925066175e-01 8.029625782709115533e-01 5.042971779868093973e-01 3.393323562517692737e-01 6.760307825311308028e-01
4.027619988737608514e-01 1.406865716274018352e-01 9.788623197214407767e-03 7.757289859238560847e-01 2.963285486714700712e-01
5.370619249524075656e-01 7.841006989908767544e-01 8.993510259315817823e-01 9.040842347394787426e-01 7.080901608827184779e-01
5.977474205010969710e-01 7.859982429926172243e-01 4.890618112255696870e-01 4.074007156723051803e-01 1.643062148599316874e-01
1.312148934009235157e-01 5.641396452710705223e-01 4.963204609527517297e-01 1.227827423981825428e-01 8.786922349516398389e-01
5.749737313751198675e-01 4.405071141870168239e-01 4.933819126977677660e-01 3.822412197748574769e-01 5.728209046690276862e-01
5.127042596167352695e-02 6.399629223791203358e-01 6.395883299658007282e-01 1.674042147590770746e-01 4.180030485731578427e-01
2.006526893239948262e-01 4.481663716616951509e-01 9.628117646063062418e-01 6.069677430168086696e-01 1.518692538133226133e-01
7.372290207980916055e-01 1.474927518315823916e-01 1.602500695803843467e-02 2.544147019746314520e-01 6.978891373330801118e-01
1.404828250006844303e-01 1.644182970239731478e-01 7.034216068276184508e-01 4.305908929285220399e-01 8.515132160149954110e-01
2.780192794535162326e-01 8.348618300873568154e-01 1.532911856303972309e-01 9.370675492368915060e-01 9.098015068693496854e-01
7.301482806851415930e-01 7.288409896951163480e-01 3.805089489576830575e-01 1.320011670582006413e-01 6.688424589878609883e-01
9.778686767601590946e-01 5.547073686863124298e-02 2.901148439946021895e-02 8.219560405397220437e-01 3.632135452427339706e-01
1.294473750691732539e-01 9.314244799774318295e-01 1.976128950516621297e-01 4.284793154563437678e-01 7.519839524414059229e-01
8.722439887131856473e-01 2.628321836877324236e-01 6.526343496529831700e-01 5.068660647999296831e-01 4.422425784989401087e-01
4.923407192235984553e-02 3.971314794720748331e-01 8.687802241656987778e-01 5.989983968347496468e-01 9.133834966469138728e-01
8.575549053361940510e-01 6.175482724279593993e-01 8.257057699332469580e-01 6.548942003801742073e-01 8.557244806274248994e-01
3.778599023510884614e-01 5.183644025463018945e-02 5.137265519062382824e-01 8.863966638900154793e-01 6.188582392536196020e-01
1.337051799734311208e-01 2.901806715574606343e-01 5.854834541107002410e-01 1.144286635037440325e-01 4.223072405199868040e-02
4.157596267353678154e-01 6.287544332689257720e-01 3.948901478051379810e-01 4.869224877061950618e-02 4.861643859908825194e-01
8.212050904052311529e-01 2.979800835561414729e-01 3.644303909010188081e-01 6.517628251349893986e-02 5.734237279209457583e-01
3.485570669356854445e-01 7.301425063986745068e-01 4.712445336673444229e-01 5.532034588218884830e-01 3.685583169214904364e-01
9.686393195740730100e-01 1.927819589374460962e-01 5.940790765854078170e-01 9.117910429250808413e-03 3.339220296248073261e-01
6.495532922281581634e-01 2.562545357052998796e-01 9.520321262085159608e-01 5.666734814904461626e-02 6.567847349555827607e-01
5.585032294354628224e-01 3.652589423991681183e-01 4.866002077046783780e-01 1.755941151170697934e-01 1.200425305168452139e-01
7.126556829405517046e-02 8.855698287284835546e-01 1.500428965830331585e-01 2.976900955504009350e-01 6.705043558087975253e-02
4.415196180178474483e-01 4.408913385708641552e-01 2.600357053642979865e-01 7.174013071282107079e-01 2.844071322390985257e-01
3.487368876380710914e-01 7.014167459974652852e-01 5.010254638233788693e-01 8.236647869835904689e-01 5.428628109790845091e-01
1.207375261650389664e-01 3.998300530537391984e-01 1.193772924906084665e-01 4.198636069428229867e-01 6.424601153501561246e-01
6.886967870699470806e-01 5.163461689364621243e-01 5.551342480287836390e-01 8.549019784485882845e-01 3.577937430964077681e-01
8.626931825475125937e-01 1.145296382429026316e-01 6.493631352862853090e-01 7.646641366729904910e-01 7.731692729066222958e-01
1.770383089523653863e-01 7.449923991501995468e-01 1.827826566737228431e-01 4.836119277445863895e-01 5.790364014966242756e-03
3.686973940347239020e-01 3.767164137703009619e-01 1.674581925298634921e-01 5.061218721596484338e-01 5.072974125388023392e-01
9.011967203151758365e-01 2.866079045685631099e-01 4.151662600687300309e-01 2.817761836920695817e-01 8.250307150306323001e-01
6.889646324907728880e-01 3.545850980199024560e-01 2.155304499440393595e-01 3.954941440960169086e-01 7.495156826878250911e-01
6.708150357931619290e-02 5.002961500156999364e-03 9.092769231991643109e-01 1.315030540734183351e-01 3.147757400180987153e-01
8.993969116068903924e-01 6.644241253511847800e-01 3.398448471416778416e-01 5.004582334033191859e-01 6.043572945698872934e-01
9.036932917463963433e-01 2.438089926928792561e-01 7.014623460045114056e-01 3.206627274488451640e-01 2.998154396460164239e-01
1.206460513274424384e-01 3.605246391082717050e-02 3.907140932750080564e-01 7.341580980422596214e-01 4.295898671513532774e-01
5.736017361685670224e-01 7.696513748852605863e-01 4.246856397257536830e-01 3.566331945067138243e-01 9.534434459863673217e-01
9.047257881451382655e-01 4.947570911122036730e-01 8.304885450427920146e-01 4.966034206902034676e-01 7.855876460260864391e-01
9.565875000058935429e-01 3.550168928899933851e-01 5.240513895260804356e-01 5.282092858721297857e-01 5.691403697395547301e-02
2.416828812432206819e-01 6.501230651989898801e-01 4.744587548958735246e-01 8.693593766208054241e-01 9.577256889725584976e-01
6.599916762950945870e-01 1.469384213809314943e-01 3.945377938595773237e-02 5.291704649842379204e-01 4.683953480941867031e-01
8.980660292010483881e-01 9.343566501588712603e-01 9.581825300562172298e-01 1.609870442243512834e-01 5.866022151285973374e-01
8.678471801207671144e-01 7.484013129295696842e-02 3.871888128013973862e-01 5.756420587773940500e-01 3.891882647952084051e-01
7.466924832613737184e-01 2.779501452540026341e-01 6.156266919314219432e-01 2.393376407064201628e-01 9.174379811514246086e-01
5.447485456682926719e-01 9.443224624543722356e-01 1.755859065149520948e-01 2.146945523139731637e-01 4.663646531204762580e-01
4.621182572326641980e-01 8.682679265670555369e-01 7.828339522525457062e-01 9.584029530319317924e-01 2.827080771858785369e-01
4.630311549362742252e-02 4.767974820808065228e-01 7.791692090438102625e-01 6.814387566387356543e-01 7.527703212928560372e-01
7.992017710097093497e-01 4.623023575155896792e-01 1.530380536553415105e-01 6.885458603159523294e-01 3.729953769916561912e-01
7.481489756486675580e-01 2.046665764113480002e-01 2.504883852235401109e-01 1.853019892369520694e-01 7.042074772411639483e-01
8.947434138563448158e-02 6.596791601913509773e-03 5.367259291443127189e-01 1.856837983940969883e-01 8.106023082878733854e-01
9.124327114315068377e-01 2.527139190423826065e-01 2.994450514031017363e-01 8.774969921611719403e-01 5.863707783550301533e-01
6.435776918299787042e-01 5.463241767976911856e-02 3.018186640731046477e-01 7.762824561625479847e-01 3.446324355401921835e-01
6.878768562705117606e-02 4.175588935160999826e-01 7.767101194904301176e-01 5.562758469543798157e-01 4.779684994199606685e-02
9.940718908178600710e-01 6.608521969916149041e-01 2.296103978882642060e-01 8.210740589504962328e-01 6.204421943734639289e-02
8.302683717491385895e-01 4.279393529715862510e-01 7.833053183151801324e-01 4.483676089206513060e-01 5.487096664254647038e-01
9.350924622384828577e-01 3.972956990054510307e-03 7.623655092508311304e-01 1.108458642752608858e-01 1.183034692212603378e-02
1.606018326286426934e-01 7.405582304524721549e-01 4.964395138026629350e-01 4.188925197717046078e-01 6.394032573095174143e-01
4.349854045921551782e-01 1.665471239160829509e-01 7.740147545006981211e-02 6.204422948734429344e-01 6.073016564930506789e-01
5.566358747418920228e-01 4.594524962883039798e-03 8.720835002600271224e-01 2.855109845365977339e-01 6.451953580308664726e-01
3.029462035311847323e-02 3.882719086152346399e-01 4.670021453432108283e-01 2.497727467468381368e-01 3.614366662952347431e-01
4.625195926883549635e-01 5.151874317217172150e-01 8.752653386572261107e-01 6.198471613837649441e-01 9.744478320819124351e-01
8.157909283567666980e-01 4.038913992510704265e-01 7.917767712326885254e-01 4.606589118760774371e-01 8.142298256199250739e-01
2.402465224365318841e-01 3.763513518181508255e-01 5.862038843570972491e-01 2.139117646749372215e-01 8.854306572933132724e-01
7.478518157905863495e-01 9.338241097957465930e-01 1.555538350114580304e-01 3.287108779790947066e-01 5.201974799504457403e-01
5.383077734022259087e-01 8.779235712372324141e-01 3.415005076700370346e-01 7.039430033639515472e-01 5.510627031996078173e-01
6.436588436379192535e-01 2.388714469992048173e-01 4.525592410409613464e-01 4.030711401311003472e-01 5.930461747049557975e-01
1.291328849917006139e-01 3.275123232047369992e-01 5.381885575463061233e-01 3.024149254509810314e-01 5.293989684616575708e-01
7.590184542248245014e-01 6.931679251867096658e-01 2.745225094105907537e-03 4.737457023772199127e-01 1.702387914317594619e-01
8.251408878138126735e-01 2.958607392494585486e-01 1.101712817303607261e-01 7.394854461663742384e-01 6.184646398865824013e-01
6.812026017625905094e-02 8.305531577989975212e-01 9.633976458060318215e-01 8.620296759339773907e-02 7.505868188142628128e-01
5.462785704738977177e-01 6.800405722753248838e-01 1.958540104854938901e-01 1.339457082519706077e-01 9.647261608498680641e-02
7.803804863356810229e-01 5.583261636433410890e-01 9.564560361979151937e-01 2.125323268288742407e-01 7.854178456286752263e-01
7.825866758561230707e-01 2.788404173677588860e-01 8.775926372220638205e-01 9.476984797320415765e-01 9.547667213531427777e-01
7.931900583752897749e-01 1.862041200825638176e-01 1.982358718808595599e-01 5.021251311236707426e-02 4.806903522570195042e-01
3.192228119249954643e-01 2.405251889868087467e-02 5.822353250159131299e-01 9.497620826588385468e-01 4.068461687566334861e-01
4.055174767972891114e-02 2.546941434358169776e-01 7.226499809516526707e-01 4.294595115688984999e-01 4.512091230868994218e-01
3.460561496901360945e-01 9.381026395277985985e-01 3.581590261425842137e-01 9.525225270722224025e-01 9.381287892853311661e-01
8.424075714235584877e-01 4.308310946986666501e-01 8.973476707000889174e-01 2.978942388734175939e-01 8.132453415097851135e-02
8.739995877320827500e-02 8.738891012441938333e-01 9.890533888710014709e-01 3.071504811215668429e-01 6.207782951717482067e-01
2.503778447273666830e-01 8.956398057036698557e-01 2.438569017863523314e-02 5.744734374780016140e-01 2.159334552807937735e-01
8.330563326179917238e-01 2.859034002173997946e-01 3.850240103906559241e-01 6.181103609664480025e-01 4.610203275674592538e-01
1.101306599553791843e-01 9.641627364737428429e-01 8.302599035575640718e-01 1.235445763403679731e-01 8.280273331306753359e-01
6.905962587057257185e-01 8.775414972523831736e-02 2.961640129905227514e-01 1.628551196696846892e-01 5.805653279792194477e-01
2.067626952219532299e-01 2.810286643305615062e-01 8.615418376509587084e-02 5.853556026495917441e-01 9.782181223034532858e-01
5.797605962690224324e-01 2.511136804115582377e-01 7.243010421215264616e-01 4.028689277624086795e-01 3.993627016927511209e-01
5.023049454445525086e-01 9.791520587615092364e-01 9.762152467656489696e-01 7.136345807515497297e-01 8.386986242665084301e-02
2.412482825634586492e-01 4.899853332115878812e-01 3.089139778889498089e-01 7.793128829686237768e-01 9.788749320581651148e-01
8.511892537387861779e-01 9.969167045009122985e-01 4.072708643617461988e-02 9.747777889757414105e-01 3.068483952347373922e-01
3.424205585138807573e-01 8.338619814675906072e-01 1.430728176809892283e-01 6.249872756439878163e-01 7.618585094557511761e-01
3.257030359746260206e-02 1.980520881744882722e-01 4.227110130582594216e-01 6.269148960586287123e-01 7.441718940771597790e-01
8.823986645905192994e-01 7.856990398788535890e-01 9.376289730500493302e-01 3.419602582232399435e-01 4.352585030110339703e-01
8.939305314745736863e-01 2.490514876786392717e-01 7.743665002344788384e-01 5.419648619619333862e-01 9.814426809840411936e-01
4.158388739274129220e-01 8.809734308203562847e-01 4.339303684962730889e-01 1.426449437950843002e-01 2.191610874720696378e-01
3.771800104897415906e-03 3.110352176823147907e-01 7.496456200777433798e-01 5.621681963734529441e-01 7.959846796052272300e-02
2.153431391770057601e-01 9.733403292434809062e-01 4.768763937578778256e-01 8.810163803404083005e-01 2.105558909708860060e-01
2.290562563482728686e-01 6.438998024077354776e-01 3.464269579785815845e-01 1.015140958841727059e-01 2.440722405760964442e-02
5.373223547541685630e-01 6.906272344332942126e-01 2.438511736427476650e-01 8.959862785472916258e-02 6.036835457895013413e-01
2.780089083792903759e-01 2.929609759183317008e-01 7.117522018203523704e-01 5.719799872529753859e-01 1.537550658450094199e-01
6.403872728111053014e-01 9.556287920296763216e-01 5.804044460054287313e-01 3.396796355100706322e-03 9.313891026254251804e-01
6.708311980315606604e-01 8.335619180663450534e-01 3.845392496484738576e-01 6.894647054391880303e-01 3.328087365092501360e-01
3.884062452662193632e-01 7.333896562313313439e-01 8.748261557030978519e-01 1.122120434871212158e-01 1.053878876797020858e-01
6.934628069164827657e-02 5.707745078617818546e-01 5.885859487966398351e-01 9.087882735585921523e-01 4.990952763001670345e-01
6.892948357471443410e-01 1.407894448488932193e-01 8.707846306170777817e-01 1.351966854535963103e-01 8.458009207341808944e-01
9.764077750180490956e-01 1.718603940766451066e-01 8.695246109306787874e-01 5.612571848608073344e-01 5.485354094141884351e-01
9.869946233783911671e-01 6.307575856565204031e-01 3.249893361909439449e-01 4.424000058823329695e-02 2.575441068290842406e-01
4.000543928287259021e-02 1.868725212208695030e-01 7.942573126606807810e-01 8.118966363156564503e-01 5.389714981714197606e-01
7.953544399490941608e-02 1.657597637820455994e-01 2.718670431545013866e-01 2.227372126665236873e-01 9.729749294322564968e-01
3.266549067008605034e-01 8.111922692546930103e-01 7.211412510967893930e-01 9.888759825915671708e-01 6.246336555581630812e-01
2.643755721298113315e-01 3.497636727282412705e-01 3.246132121370121082e-01 5.890325471659572099e-01 7.626988145107788108e-01
6.630207420314075950e-01 3.549894648335801817e-01 4.720104546579936278e-01 8.086822362428986999e-01 7.458660746355177951e-01
8.900560105752324258e-01 9.543587411700759082e-01 1.723273553265108893e-01 2.284803781753153018e-01 2.033486837432635363e-01
7.702177998054994257e-01 2.886723627233223066e-01 2.183467945518291486e-01 9.816295474541463228e-01 8.249166801959003648e-01
1.473043369896925858e-01 5.144519333356051272e-01 2.177209658041648899e-01 2.034747390226617769e-01 1.996464262022018543e-01
4.372449371299718113e-01 9.520552808364665109e-01 3.514201222842382455e-01 2.425078858689410088e-01 1.892726231875909715e-01
2.004952836523944404e-01 9.938714410573556979e-02 3.932148747680779266e-01 1.031034878306451574e-01 5.307543489286418170e-01
1.797288858638147468e-01 7.074615234376468997e-02 7.620251024239892423e-01 9.685170275765531134e-02 2.828899515288267885e-01
7.980388533050810640e-01 5.461136799425752031e-01 9.851540458809647793e-01 6.339931163818184334e-01 1.317795842668585404e-01
8.684987561364255759e-01 7.261995626580577401e-01 5.158272711898044260e-01 9.315550666796589274e-01 4.330936191173375693e-01
9.481635759787591100e-01 6.316235914639811710e-02 7.265765365167486944e-01 5.226361224563944585e-01 9.564432494971903953e-01
3.900053502500357983e-01 7.445070456242794954e-01 8.563004203449267049e-01 4.562604873542942530e-01 8.791727953840063892e-01
9.271731082161190907e-01 9.214904201333935507e-01 7.485583676822429311e-01 7.651060702728941232e-01 9.880655876765898071e-03
1.454555868284380660e-01 5.715015727650707422e-02 4.775155074271756339e-01 4.657494715584364897e-02 2.276457587459310705e-01
7.189491087676875836e-01 1.937427353705186706e-01 4.080393729344493625e-01 8.212881448144015994e-01 5.352924393585392071e-01
3.102287463753128360e-02 1.111556995697290384e-01 2.541096716210247131e-01 8.773255226972820342e-02 7.331103313699357527e-01
6.491502954895130850e-01 2.290854365040035923e-01 6.333072236474289740e-01 6.217703359348701886e-01 8.957509609351177460e-01
2.738604913166903243e-01 1.613241118003240215e-01 3.734894714462115850e-01 5.286914035935723621e-01 4.783440673028377388e-01
8.252748837758631106e-01 2.298021367512842472e-01 5.833025568601739597e-01 4.267517428132866497e-01 6.457059669235852839e-01
5.678663456465867787e-01 9.982792058691650761e-01 2.641379187678657425e-01 5.946352187347851981e-01 8.140351763844294597e-01
1.556566134132469914e-01 7.399914994820582237e-01 2.049453719087261927e-01 2.069939057816128081e-02 1.808298359171742753e-01
3.531584542357487644e-01 5.545562706443685208e-02 9.372811528813652648e-01 9.125973771037221294e-01 8.043069433436849103e-01
8.758370386755398584e-01 8.457942023594116066e-01 1.962836482061830479e-01 7.947805957226449225e-01 7.285405835447515965e-01
5.955407338951715923e-01 6.717068294939615436e-01 9.010961791052513048e-01 9.196754089198524440e-01 1.179987794196927231e-01
5.005050693814205864e-01 5.978854748572552946e-01 6.274541739566308340e-02 9.192283438299098108e-01 1.342644951161882094e-01
4.610966060287978729e-01 6.541620847402446204e-01 6.450110946721946403e-01 7.743530419594331082e-01 1.824082402333137010e-01
4.402066776111420721e-01 2.113889848732317667e-01 5.969330212913114275e-01 8.601585561961123672e-01 4.210237074092562093e-01
5.271700519978766986e-01 4.079251140149935395e-01 6.057616995657147951e-01 8.436439957456959293e-01 9.782944110738428511e-01
1.262857371202354972e-01 2.555704858719318739e-01 4.813599811583353372e-01 9.325884457196687016e-01 7.291502897573898245e-02
2.516798582263997108e-01 5.223079584753771432e-01 6.151439242325857926e-01 2.268643428553430708e-01 6.257076685804707772e-01
2.128481096511758430e-01 7.411403458613932127e-01 8.212817996461909686e-01 9.952459319438023977e-01 8.566727736506895008e-01
8.456047299369436887e-01 6.952182885557685044e-01 3.122155628224861923e-01 1.144713454214185688e-01 6.627351857432794979e-01
2.556994003422360384e-01 3.380032672442362385e-01 5.853588880348540302e-01 7.176080735444052561e-01 6.110943459557294233e-01
4.731336447682171764e-01 7.002786849633924060e-01 7.385367862884506529e-01 1.547549466554504205e-01 6.159078564847221271e-01
8.291928524852457683e-01 5.373446186756755116e-01 3.547685349103260055e-01 2.276909734282631659e-01 4.476480068088173336e-02
2.099434719530755000e-01 4.064366186284464888e-01 8.202616627100505209e-01 1.741013596204848968e-01 3.772150461599942384e-01
1.379634106778181435e-01 9.673753496481261038e-01 4.793693975407224972e-01 3.036910600783325753e-01 9.493246750725224947e-01
1.044299272535166301e-01 1.289355450886475740e-01 4.304251411155102236e-02 8.474914961432314930e-01 7.802768695113387887e-01
7.241866070791384002e-01 3.495802465384973967e-01 3.304871661547402750e-01 8.257878056695953095e-01 6.817763496935959067e-01
5.736173741062617903e-01 1.949606585360934563e-01 1.058657119563634064e-01 5.801766248027897532e-01 7.677870196958127558e-01
8.940054800086716380e-01 9.928102976747924524e-01 1.039390831168957030e-01 6.548166039111099623e-01 1.427684489779116328e-01
3.823756465468803878e-01 2.667643598122095838e-01 3.469894895349087127e-01 3.303658250764329729e-02 1.764486938240265035e-01
3.948211732751775171e-01 2.939557779106624080e-01 1.615155443625820864e-01 6.732283960435472281e-01 3.777297749934919180e-01
2.035113201104953307e-01 3.745733479627955109e-02 9.188337033285894906e-01 9.560515411743175651e-02 6.017493526288648642e-01
7.853268579046187581e-01 4.226838561911416825e-01 7.634828659932491046e-01 6.436198363897993602e-01 7.463661475306961890e-01
3.948051745186031969e-01 1.486367694713726095e-01 3.881320677087429782e-02 1.182951927697240002e-02 9.704449554522621701e-01
4.624802981045929018e-01 1.285255765346859924e-02 1.021726221712834226e-01 3.080779028755624704e-01 7.972753355433145339e-01
4.071736697216938872e-01 6.686370035860677019e-01 5.924656046688054900e-01 5.873906291286077330e-01 2.004642383801901184e-01
7.037767185548579052e-01 7.260182507764720850e-01 1.847189725451139353e-01 4.726308037027384668e-01 3.055288809002282280e-01
2.318355487224795786e-01 5.251897753748058228e-02 9.466588166438164587e-01 8.143831909097808408e-01 2.435760041421425326e-01
6.182354632105688808e-01 4.459584270934878747e-01 4.448288905277155703e-01 1.315578772210528324e-01 4.786886571120494427e-01
6.957828045600973343e-01 9.362516116613175399e-01 8.479408507117789373e-01 8.358724207107167681e-01 4.212370288098056248e-01
5.666822380372446011e-01 4.686281375242590252e-01 6.013657078436355219e-01 7.001128546277878284e-01 4.819612542367082142e-01
6.118769581431394711e-01 4.294649034567519230e-01 2.603343694840308808e-01 2.282363372363713783e-01 4.942751044917041980e-01
3.303149105671318031e-01 5.731131454786158042e-01 5.634138688532019934e-02 1.084760195988687670e-02 8.514611745733636772e-01
3.416788782287829562e-01 7.293336050516847635e-01 8.477928781237767941e-01 3.090446179903962864e-01 7.565005799074991932e-01
3.339015314463642525e-01 9.903068194373906286e-01 1.714726362518933511e-01 1.741893130614680096e-03 6.828899772615346642e-01
7.536243426246814758e-01 7.864790393976271998e-01 8.776912830500200879e-01 8.188186883692142315e-01 4.008422324664793202e-01
1.081465310579863282e-01 1.504933122446968641e-01 9.231716761766571855e-01 7.070549055711137232e-01 4.040213511696142401e-01
8.614041061835031599e-02 8.843199123399195782e-01 5.728442639056977592e-01 6.158381063232445385e-01 9.429400991267337107e-01
8.118759574434178949e-01 3.767211657062512487e-01 5.012917705554329473e-01 6.858606166736103127e-01 6.485240943158625537e-01
9.073067472223614871e-01 5.552058700325678275e-01 3.179061794909630034e-01 9.435886789894680771e-01 8.340251350711813672e-02
5.633348419237378391e-01 2.431100215191058789e-01 9.468508141173931358e-01 5.364585711164493453e-02 1.458746090695099973e-01
5.777322738585434214e-01 4.427582835446909337e-01 3.662601374573252189e-01 1.017450837440763145e-01 8.341102485917517573e-01
6.508157575857875798e-02 2.369744306802383793e-01 3.891313290199339692e-01 9.571441930356054950e-01 1.882869661781803039e-01
8.281804252655438070e-01 7.003219370625242135e-01 7.122671569556294768e-01 9.312020169224219934e-01 1.471545846510488031e-01
7.430737821721703495e-01 2.919243984053130347e-01 6.931922263643552906e-01 9.200538578996350081e-01 5.435328063358868533e-02
8.276406241440340539e-01 2.357746837855702049e-01 6.583798495715481591e-01 2.029371235143713204e-01 2.342085565381668566e-02
6.553345483880250733e-01 5.829297360462013522e-01 6.825058081820555289e-01 6.990654827000497562e-02 8.594890182124940159e-01
4.153283556716026448e-01 6.547258929806863970e-01 2.816206994202054004e-01 1.059442947581208383e-01 6.007661743346015548e-02
1.113346540530367745e-01 5.793442661567358432e-01 4.103458783857665271e-01 7.909353087525234915e-01 4.731580947845370755e-01
9.373666815296783916e-01 1.001275965630162856e-01 1.054402577378732442e-02 7.370111158946240915e-01 6.239871128881624429e-01
4.173413163110522017e-01 4.819365819907688309e-01 8.562510279275733494e-01 6.172750850316063298e-01 8.083411602999795997e-01
5.598242179388556172e-01 2.520621656591892634e-01 7.080830864295306615e-01 4.830539853496491620e-01 2.341983060026275876e-01
4.488467678227151536e-01 4.915862466600774416e-01 1.589603197605482521e-03 9.370188689112317615e-01 2.749437099326055289e-01
2.168724621601602065e-01 3.624377655850086200e-01 2.831284076580640185e-01 5.424753264184926094e-01 5.313393723591394169e-01
9.191926992646018979e-01 9.028506360434376266e-01 6.333334946282055400e-01 9.413987583863354658e-01 2.654001500471383501e-01
1.951282877198078358e-01 1.757472467141771855e-01 1.464119147390970932e-01 8.106508677183038580e-01 4.997726024586565119e-01
9.491586870410071430e-01 7.203518441470442291e-01 4.227354337932467399e-01 1.094654429053526501e-01 3.971467062552760385e-01
4.967163255867816929e-01 4.544800502091822514e-01 3.183590546477377270e-02 8.977765270529148856e-01 3.581352289185228965e-01
6.636328294088622570e-02 7.419781097355679922e-01 2.263637407945848778e-01 7.253997492061103891e-02 6.042468258438672413e-01
3.736640381364876307e-01 1.045686915105885628e-01 7.602812447744122792e-01 1.089207111598851085e-01 9.441362812701914464e-03
3.711557158124987321e-01 9.498069558601230922e-01 2.813229846100664400e-01 2.586568696692556069e-01 4.715461596734544791e-01
9.941671468311252813e-02 3.241440157436087377e-01 5.058435033740193987e-02 5.884614875605155282e-01 8.113119527416313703e-01
8.283039796531199705e-02 1.598928338220406697e-01 7.422331346358512771e-01 3.619665128092708350e-02 6.231903851693121332e-01
1.659158779033218512e-01 2.566413058064143105e-02 6.457093392741433124e-01 3.262583386235499150e-01 7.541044200821986898e-01
1.726580735569011038e-01 1.178751743335622049e-01 4.241950537511055552e-01 7.513955514360112220e-01 6.862882929584230851e-01
5.546547576215333786e-01 6.223817255094985512e-01 6.907455258957032607e-01 7.878649571684814834e-01 8.277413822663745036e-01
4.431867986482052046e-02 2.718053472626448253e-01 6.491455424358061332e-01 6.806808783791362671e-02 2.052116462584464562e-01
1.067787014723023953e-01 8.380059391112530953e-01 7.513797712814618279e-01 8.565628802357742044e-01 8.163089533286261856e-01
4.153385304039779458e-01 8.784982194104672404e-01 5.767423145514423144e-01 8.298454473744796278e-01 8.358137510963884464e-01
5.899664991384523383e-01 9.071114973224815303e-01 4.595198379420289969e-01 6.364645157659254426e-02 3.915402029840749920e-01
7.516749953254020511e-02 4.029904875199833425e-01 7.158819681256223255e-01 5.102933496488836207e-01 2.309950327220315902e-01
3.586010443882936549e-01 8.888529951018119268e-01 5.462725355239589353e-01 7.428478890125062017e-01 8.985772923956507618e-01
8.913105011490463081e-01 4.642161009997667342e-01 8.091613734211834386e-01 1.123328512967954884e-01 2.245249048364650335e-03
8.859445144211124390e-01 1.863602152763239594e-01 5.401948802333992328e-01 3.228422162625421699e-02 7.642154590736464082e-01
3.838930494453143272e-01 2.430616767228219732e-01 8.181234723939668774e-01 4.951550278308787245e-01 3.202546759885662730e-01
2.911910874648028225e-01 5.035001615495431349e-01 3.077653000344637846e-01 5.436340237679589960e-01 6.965306168700728939e-01
5.428567084917281793e-01 3.145122202172181414e-01 6.841019492506905664e-02 8.725166441620679780e-01 2.895124205435524178e-01
2.086134990907646536e-01 2.727358022194817933e-01 5.010261216909419613e-01 8.369112144954862220e-01 4.799465492099056485e-01
1.940806337479422661e-01 7.463009651066988548e-01 5.296809190082742980e-01 4.946801697674533260e-01 3.363187850070989970e-01
4.196568384221798231e-01 2.618690336514738481e-01 2.111011076747909554e-01 2.093367805626259459e-01 2.946307657273707914e-01
7.020762417303322289e-01 2.086992760088884902e-01 6.075231062349898403e-01 1.205771193811131514e-01 5.690669600621532931e-01
4.794345553362809875e-01 8.549272762113582225e-01 8.671907755847673149e-01 1.359453112773090222e-02 9.511986440131581233e-01
6.365988970457467921e-01 8.488457141253226146e-01 1.626468140604827584e-01 9.741732842252145419e-01 3.500634940890088309e-01
2.541713784649703989e-01 4.685699832976075729e-02 8.115412669158317271e-01 3.463489457616526490e-01 4.962140863872440688e-01
8.173018958383212462e-01 6.222737083752120091e-01 6.931208127794852292e-01 8.556882654901577512e-01 3.998376283975455525e-01
4.094717095773529048e-01 3.583238144615570331e-01 1.771608134809922186e-01 2.420962400950971150e-01 7.171368565542275419e-01
6.897395195729469908e-01 7.028286678093305095e-01 9.544859599544555095e-01 4.285888439283060958e-01 6.834005502815304611e-01
6.379655185266941420e-02 1.179285717593091531e-01 5.320142031794204973e-01 7.106964221714724417e-01 6.691078610601477461e-01
1.784176299327702164e-01 1.440145624524675760e-01 8.186283091846469073e-02 4.651340602014399916e-01 3.491027260224397466e-01
2.580178381617669325e-01 5.988271380801135635e-02 4.250505073098939102e-01 3.662236176884150485e-01 1.331339687780614955e-01
1.118456878839321211e-01 7.416837128859161687e-01 2.406763221485599402e-01 8.072319946808870217e-01 4.620533630533647518e-01
1.135826685985252826e-02 6.429282704868497511e-01 2.838801009192041258e-01 2.116829091210493674e-01 7.808005867838199165e-01
8.941108918359788049e-01 6.943893463974057934e-01 4.403281330785521197e-01 3.288647749479931548e-01 7.038757936428174933e-01
3.775314961646314416e-01 7.692212933516116014e-01 9.871429761605874376e-01 4.006371364913944300e-01 5.451032157574760006e-01
5.144701037341397054e-01 6.352304164089619398e-01 1.278158179466977185e-01 7.967970489548933388e-01 2.028533471585957093e-01
9.448569668825078649e-01 9.619651761365479725e-01 2.421567817085689134e-01 9.186398732018752344e-02 7.565344017710941005e-01
5.149121458097916104e-02 2.674373024798029075e-01 6.001323421251796297e-01 3.357029225545091755e-01 2.823862343977057154e-02
6.146925174755506482e-01 3.543323041319452749e-01 7.698885595379117985e-01 4.197658218051523171e-01 7.753832042594150931e-01
7.892862941673348676e-01 2.122306060243042136e-01 6.590453970788655580e-01 9.988461287262909716e-01 5.439601387515387021e-01
5.702389186545959721e-01 6.042332894241077001e-01 9.084565715333287050e-01 6.341574886982436210e-01 7.029494854734760212e-01
7.236648605817537216e-01 4.724628801839224623e-01 7.545986121686156789e-01 7.142303184477185596e-01 7.488592042312273156e-01
9.492335355429690757e-01 1.191668023094220041e-01 9.780469262758703097e-01 3.926683737405448626e-01 9.703876469918515379e-02
8.740823876415702021e-01 8.033089424167716430e-01 8.261624168325344408e-01 3.125941440141702943e-01 8.152952947275925455e-01
6.316010211080902437e-01 3.591884401145426509e-01 5.422940719176904123e-01 4.521166695655277623e-01 8.336867464138496553e-01
3.181289643659058752e-01 2.404402485751256924e-01 4.999328414110896235e-01 2.683538299017609319e-01 8.758460605759574857e-01
6.800229833510588184e-01 8.695213059161223113e-01 7.288633024627998447e-01 5.907447909284763155e-01 5.938934142774608960e-01
6.075480413215087472e-01 1.520754311772504197e-01 5.708334243585526657e-01 4.200503804013115960e-01 5.199424511277608296e-01
1.361638941472081976e-01 6.031165613455040653e-01 7.174228149591469483e-01 4.662087382915544032e-01 7.216391280473185565e-01
2.628973615550231901e-01 9.005612768687873970e-01 8.549109993370361815e-01 4.389945368447276675e-01 5.361032252298006950e-01
4.906342905269822641e-02 1.372222070669215643e-02 3.850325709192644608e-01 3.627243125251230493e-01 4.753212144938617767e-01
2.561369745713246715e-01 9.945251397616681199e-01 1.343522669010163151e-01 3.436105221295058243e-01 4.131203171800458263e-01
8.763251262746756254e-01 2.704142895516455924e-01 8.160060806304170189e-02 3.791871348430362332e-01 7.618592216133508455e-01
8.983535518467521408e-01 8.651000307551235391e-01 9.825652596690320761e-01 8.106713935869724885e-01 6.633841122812049740e-01
6.772418597311916644e-01 2.979768418418331510e-01 5.223824697200982747e-01 9.242000069413691676e-02 6.520861074002045621e-01
6.242582292367631069e-01 1.712401437568443763e-01 1.009106112433908464e-01 8.290940153561753290e-01 9.667908725823400884e-01
1.818687949238262380e-02 6.335511293861672000e-01 5.744405801963271552e-01 9.943427949970777835e-01 8.341087337027653925e-01
7.738101540264630263e-01 5.013965953034010825e-01 9.131450558320907129e-01 6.450544818626258170e-02 9.963419210649304691e-02
1.324031249869207505e-01 3.122387198575782286e-02 1.263989601671671181e-01 3.334437190072453427e-01 1.680395032404046196e-01
3.484909049781781398e-02 1.650478256496622498e-01 3.605131881948391293e-01 6.027775924986754630e-01 7.289767075334256941e-01
2.618646642588443596e-01 1.106153852049793773e-01 2.093335998507629414e-01 7.446268355739127376e-01 1.217325127420765263e-02
2.947308986189111080e-01 5.356849764289264293e-01 9.743848070177382192e-01 9.002099959036019561e-01 3.573016456445600175e-01
6.164703368727125765e-01 7.353105420044104834e-01 4.687527690497828026e-01 8.449752892382896841e-01 8.989863528815537075e-01
6.590057794932820956e-01 5.179812246156870748e-01 9.494663677355348330e-01 4.322873390087085266e-01 1.766518510110558493e-01
9.395499540760691159e-01 4.207361835107962245e-01 2.886853352824878538e-01 6.696437547637923426e-01 8.685665931830611752e-01
5.390484923189690081e-01 6.686264782206302604e-01 8.280181242780063622e-01 3.540668516709389868e-01 1.934085642178563491e-01
5.394908047184957534e-01 1.433328572355131447e-01 4.614842938825218788e-01 9.568422805409290133e-01 7.846581280476884190e-01
6.746179992324843333e-01 8.475963735331661919e-01 6.533775657200183717e-01 4.966737414239118520e-01 1.670915501691624394e-01
8.557445213488016345e-01 7.584835636161353367e-01 2.847092293507635929e-02 3.261117378408904255e-01 6.498080296967814196e-01
3.028284351514198836e-01 4.827583824049404004e-01 6.206687716222447637e-02 7.971543193148590278e-01 8.713417146554222059e-01
6.737363638160179802e-01 2.917352535015187431e-01 7.592621079041965704e-01 4.653900497806825465e-01 4.846953713653358031e-01
2.748681422912725436e-01 1.429151602253279085e-01 8.722927449947158740e-01 8.879561464784857527e-03 6.487324533205051091e-01
7.187429986092295220e-01 1.104989224177865825e-01 3.136035740978569963e-01 5.352670276914299752e-01 3.610519888996234217e-01
2.439909731531997306e-02 2.522001043383937935e-01 4.363574666899305843e-02 6.150570588211926593e-01 5.920197890296472476e-01
1.209269701227810856e-02 5.451080105808820964e-01 2.821362927931795328e-01 7.825030751884932689e-01 7.390270161943370830e-01
7.457611951710486631e-01 6.097935251631450004e-01 6.630051099513778468e-02 7.516554454630828275e-01 6.447960231463188974e-01
6.153124909294589440e-01 4.290362645529633978e-01 5.075292307909806677e-02 9.172645471416137619e-01 5.149596489193560833e-01
9.964768558287078193e-01 1.201466952702963109e-01 6.183202370225742150e-01 9.934351240832315355e-01 8.612520829697983826e-01
8.971594522898971302e-01 8.690604956061813713e-01 2.972252916338814499e-01 9.309485625716704682e-01 3.499012070312857992e-01
1.912730279172937253e-01 5.828913632812103840e-01 9.628595075486463539e-01 9.314507736234319824e-01 9.231065588513900355e-01
1.445882188442852989e-01 9.253430818767112154e-01 1.111321961864526475e-01 5.798389573967073218e-01 4.990720144418756554e-01
7.126472576909463896e-01 6.754041850826256743e-01 6.841188384035256087e-01 1.610966022396559394e-01 8.627294444130659823e-01
3.900695639405221682e-01 1.467888246094688487e-01 2.062201330727606585e-01 4.938881752220107835e-01 6.186187639264758564e-01
9.001428781163384185e-01 8.006122628698819632e-03 5.796852510283586613e-01 9.073854748127092584e-01 5.693429292308502809e-01
5.361203524756085192e-01 7.443124750112363186e-01 4.576412626332615474e-01 4.703633950383031559e-01 1.185269653216608488e-01
7.351055914306209305e-01 7.902786119379912044e-02 4.897616403667715002e-01 2.642228936060272426e-01 1.021158098649851409e-01
1.332321966576855976e-01 4.372234702009890617e-01 8.779312219645616366e-01 6.377428112681631234e-01 7.348846441837697530e-02
1.375187223904492662e-01 3.164402286456042823e-01 2.335245505688811063e-01 5.149330472193186514e-01 4.265835468874505931e-01
9.788557639124525478e-01 6.883059509370977880e-01 1.922755317478171966e-01 6.185700350176910334e-01 1.899596953868379900e-01
4.692915759224287608e-01 2.416109265298722608e-01 6.438691980049119357e-01 1.287035698160012842e-01 9.556832558248750109e-01
9.410773148402644672e-01 3.364675673222120578e-01 3.255833133487590070e-01 6.529142683769848521e-01 4.267054258581109982e-01
6.626538241240114147e-01 8.904743216338918410e-01 9.363980039028142466e-01 1.829188048381381604e-01 9.567250902185722161e-01
9.554094594124767914e-01 6.724500519672562682e-01 9.137550457951689742e-01 3.826726343900217486e-01 2.346759996823558625e-01
9.443005032903565299e-01 8.900793957795383182e-01 9.968469358740310593e-01 8.853713988342369889e-01 1.186920766548749118e-01
4.916742124073727460e-01 7.811430505183638573e-01 7.214564303279539237e-01 8.099831959970247297e-01 3.460287459641263608e-01
8.915238519394963479e-01 1.802649855159366155e-02 4.408131176229838077e-01 7.112246944854506703e-01 2.760705639103424591e-01
2.491670904361245054e-01 4.313621667140282723e-01 2.161816179431031992e-01 5.165662813259730424e-02 9.333750760630689092e-01
1.754018614208774363e-01 7.499850611762571839e-01 9.281489771140040146e-01 4.388171533021172355e-01 7.457300899478304101e-01
7.853445989332142885e-01 7.134587510818938272e-01 2.078085306449334313e-01 3.096995040944519051e-01 4.717432031399618753e-01
9.886085858337535504e-01 2.890516539613792180e-01 5.494836134034825070e-01 5.187749955429870052e-01 7.446436773641025297e-01
5.979114477014727536e-01 4.522460660093955420e-01 2.111713216354456080e-01 1.488903073629608276e-01 1.760607754081975340e-01
6.479818301008307690e-01 4.693808565589476789e-01 9.194746652211708282e-01 8.987559409688005152e-01 3.213870188697872665e-01
5.588751324585494729e-01 1.829629503885015218e-01 5.587254917049240266e-01 9.945912258310812826e-01 5.501181690686495207e-01
2.952266217517343083e-01 5.440767264129979797e-01 3.544401219454001994e-01 7.721339129940399948e-01 7.440477536010187132e-01
6.047483476282933257e-01 2.610709536340262149e-01 4.200115248704299198e-01 6.329142572111415843e-01 2.735265653329405078e-01
1.014691120531155955e-01 1.078380164226633298e-01 5.771978004058941902e-02 2.209963055250028230e-01 2.092583358967166074e-01
9.104477403058495177e-01 8.793054404385783895e-01 5.413118257084537088e-02 6.792084361263946990e-01 3.401221333204624830e-01
4.254424341751403826e-01 3.962005112644370053e-01 5.525036221866891362e-01 4.917639857413217408e-01 3.485842631520756907e-01
8.540632301918953395e-01 8.048401140126779651e-01 3.729414530744157297e-02 3.367676856738843760e-01 3.060508002743285161e-01
1.171944851379870256e-01 3.553966722386724397e-01 9.112748410960468393e-01 3.122944581024489352e-02 6.928383303871138432e-01
5.215714415574376206e-01 5.798490769750859197e-01 5.756664469403595108e-01 7.911325078359053853e-01 6.278530532385744323e-01
1.030519370252721556e-01 9.157425202542179843e-01 3.989678347120454438e-01 4.372533703292363905e-01 2.802160021595000439e-01
9.096506269519079035e-01 3.517857480385403468e-01 9.361851326813031005e-01 6.207983455621869373e-01 7.366572076629410715e-01
5.859910883565795370e-01 2.350121109002419884e-01 2.607434028501990353e-01 6.539859891298599459e-01 9.243893721272522512e-02
1.633325800208801359e-01 8.092451220196885675e-01 3.934051191300570460e-01 3.096478074589725793e-02 8.266597142426862499e-01
3.526738408722037699e-01 8.357995939782502104e-01 9.602188122276533733e-01 8.076567890353276713e-01 4.802705632899496591e-01
6.023318879592983732e-01 5.471283432631476318e-01 2.591263830926394673e-01 9.209438861816880983e-01 5.235111347066010445e-01
7.375394497458420684e-02 4.786215696958232568e-01 9.797365174789364195e-01 1.952787444461434596e-01 2.635812606444014605e-01
9.119185929878108610e-01 2.359954742829221130e-01 7.566586391891977348e-01 6.805217234707218177e-01 5.848340498937431020e-01
2.915575811576937015e-01 5.999742014028776049e-01 8.263423951713613214e-01 3.778035824304448731e-02 3.361117553288587301e-01
2.945427536772182719e-03 2.170295224220719632e-02 3.437128533145470399e-01 8.135095052032131901e-01 4.426491662802096716e-01
2.464479027189206972e-01 2.076158806821881697e-01 2.772845374788885930e-01 3.981209936298015784e-01 1.310811747134432714e-01
5.582796403742625868e-01 3.382839862230762051e-01 1.380504150096319993e-01 3.702906998209491984e-01 5.911398967379114522e-01
6.300352114879230747e-01 8.720974753711859817e-01 7.721450554218376450e-01 1.221914312715274287e-01 6.641590535149742847e-01
4.087924316739155461e-02 6.407646465727149243e-01 8.240326593780139541e-01 7.579597764558947404e-01 3.067158400231335680e-01
9.881356440265854912e-01 1.134761133903561259e-02 7.173397353693641287e-01 6.511095539303319857e-01 3.639917837308539461e-01
4.988414614029417216e-01 2.750217268756354194e-01 2.888647760912044227e-01 2.404951204406746701e-02 2.758098399218107399e-01
4.316174301791654289e-01 8.774589417149196713e-01 2.244808415466404972e-01 2.893388382591753905e-01 5.056880352160693093e-01
1.536041795603708682e-01 6.520045492402920528e-01 5.138218249160333428e-01 5.645702947254616078e-02 7.801141155713524622e-01
6.997203067753717809e-01 2.470385056496238185e-01 8.349637389366996176e-01 5.150815152565386690e-01 7.198628637717394696e-01
4.946305933396474286e-01 4.949616339799669529e-01 8.896065389181639915e-01 6.433278208645162310e-01 3.563635085552916415e-01
3.807762498857177880e-01 9.156344714921480499e-01 9.458832788929671942e-01 4.393666681910437521e-01 6.779625598685623533e-01
2.540184348648876211e-01 4.011274889182570025e-02 9.532897888885716320e-01 5.069082048903584825e-01 1.061258241501628063e-02
2.111860462674395311e-01 8.018182159653268748e-01 7.414396584256529588e-01 3.652432690658221626e-01 4.395778057526238403e-01
7.797767031425753004e-01 9.938818008351372191e-01 7.252027201107650312e-01 2.780851742025074458e-01 9.321100802468014201e-01
2.123834383500506906e-01 5.130706038034702487e-01 7.021085600117931147e-01 6.901134185914314934e-01 7.687416125822928992e-01
5.173562734704389987e-01 2.129936751025262032e-01 5.398344597972131176e-01 3.425047511513901188e-02 2.294452608242899538e-01
6.144253725448378667e-01 3.326787799365382714e-01 6.277811334288529999e-01 1.292834508586859776e-01 8.918413853656725898e-02
5.197578606621774400e-01 1.156395060630893701e-01 1.777782105443803662e-01 6.064643377469948193e-01 2.355979075982839177e-02
8.453128491296101332e-01 1.093498287356433618e-01 8.495129940972261373e-01 9.615200905627199202e-01 7.184308093689832919e-01
3.678853473729233325e-01 9.362336775552856372e-01 1.778397652117957861e-02 9.313316411188082844e-01 1.581242658487668207e-01
8.412261144663895074e-01 4.263008772638403610e-01 4.075029362098082641e-01 9.771389786927497934e-02 9.083055887532203165e-01
1.186008873372530470e-01 1.926478115684615577e-02 7.700352126001345221e-01 3.506824001842034910e-02 7.102150111129648113e-01
1.243179065071765566e-01 1.782652126593387010e-01 4.379826813476513925e-01 6.022935702547289605e-01 3.614992948394735173e-03
5.671177979219399479e-01 8.822734420551692214e-01 6.505988499021203575e-01 4.588927095270729506e-01 9.090565965864358944e-01
3.334636763545184568e-02 8.569990362654764660e-01 2.889774650027914227e-01 7.028472189092821454e-01 2.262133599252301730e-01
3.090175605701080963e-01 5.833688660665361514e-01 3.100443070033092052e-01 5.268227320270263414e-01 5.272356298879938841e-01
4.148663576894182636e-01 5.044772742219195694e-01 7.829962420087901442e-01 2.151538360426502594e-01 7.461934574219888372e-01
9.406476316328441500e-01 2.374224539753581054e-01 1.444647459052909033e-01 3.224150506482437173e-01 6.126699121418375249e-01
3.346316280518712993e-01 1.001119233992298074e-01 1.356088228523227857e-01 7.887207670126065162e-01 4.436424532235355711e-01
6.875444719933789806e-01 2.871964648907003870e-01 5.012120680292275754e-02 3.314244701209678734e-01 9.997744324877266830e-02
2.635824373150655875e-01 1.961085165557577836e-01 6.604822750424410582e-02 2.168863523684685379e-01 8.980602947972481376e-01
2.953615205372525088e-01 8.105137498168187848e-01 3.369284343715919228e-01 5.980827153632989335e-01 6.436951886360717801e-01
8.868395911266798715e-01 3.330745136003543383e-01 6.082088013609645571e-01 2.788320852642177661e-01 9.396409441028722442e-01
1.868454676399144976e-01 5.108759890864750242e-01 6.288344022680953938e-01 9.307333532906312268e-01 8.591665026106892755e-01
4.459063533748330865e-01 4.099414954847668824e-02 3.008357194381721111e-01 8.156617836521784515e-02 8.569832429624874015e-01
2.304691924625329458e-01 8.489229530186630512e-01 4.448104766453556680e-01 4.270506713484215622e-01 5.799436019589121472e-02
3.760804633074692482e-01 9.656645900015485839e-01 3.369386651063279725e-01 1.164760262311962391e-01 4.024869658011631657e-03
7.810431163452387082e-01 8.659222893627529505e-01 8.677919645607059529e-01 8.318741196908929769e-02 6.360521744386915532e-02
1.361519794105026104e-01 1.852160265415528917e-01 5.744824755076949341e-02 5.044420921430196048e-01 5.096570140739500321e-01
5.575213905905129774e-02 6.180101927632509762e-01 9.625775372601714786e-01 8.097412395590593004e-01 9.664348335236340182e-01
5.449741584494444124e-01 6.701533900487044448e-02 3.187828454581462800e-01 6.089055237331181258e-01 9.586979635328992666e-01
8.252565941238221292e-01 8.370676791240215797e-01 9.917614892508836988e-01 5.125635023822794345e-03 1.763947065910742573e-01
2.159536855573541692e-01 8.902199452737457053e-01 1.388844100275228310e-01 8.694651801490649312e-01 4.925808814291624538e-01
5.873256771504168361e-01 5.201369628872550832e-01 6.371390262495089107e-01 7.659603175727646152e-01 3.429743466537316099e-01
1.743075212415553521e-01 1.597806827638470484e-01 5.094241141852929866e-01 6.612453898183165979e-01 9.125316108210224098e-01
2.101230465016303839e-01 3.188487827584528533e-01 5.530661300587103035e-03 8.075681307713378221e-01 5.912958800215453170e-01
6.807846255521515788e-01 7.595537545990719286e-01 2.716240543355677994e-01 8.429305630810709493e-01 8.484021388328125690e-01
6.006358206567778968e-01 6.338933683092249360e-01 6.237189691809326142e-01 4.610216450455778547e-01 3.681540440572300676e-01
5.353189872529827698e-01 2.084977777422678535e-01 8.456589524435370597e-01 3.376449580883376100e-01 8.270442332861061008e-02
9.944078025102437435e-01 6.676948286327685222e-01 7.532453507380209023e-01 3.075008728317021323e-01 2.304794456819483361e-01
9.102614739355703311e-01 5.968169521501510699e-01 3.100020057842450827e-01 5.803047675469633626e-01 8.735255693829876433e-01
4.264751571706624222e-01 6.087994042969523401e-01 3.312229459001163612e-01 4.712356807795335945e-01 8.526153837013965564e-01
3.048219785279485672e-01 4.680896598570584155e-01 1.478501491182826477e-01 6.317293275248939688e-01 6.410906841073051865e-01
2.289982637355870709e-01 4.346824251689627161e-01 7.195019484586502312e-01 7.906649648885739623e-01 6.193611329831172352e-02
3.315346985251946821e-01 7.135460516900190564e-01 6.028207752471124170e-01 1.188220423689078098e-01 7.047747484857316280e-01
5.087402443075202951e-01 3.466239789381870828e-01 7.984301225690648707e-01 6.939374314274060485e-01 1.334612277989540852e-01
9.887883711279221721e-01 7.679464262820497877e-01 9.436041524893656884e-01 1.031620428268887890e-01 5.479120053896600062e-01
7.547839997256289291e-01 3.261476709270724195e-01 6.641651971234633356e-01 6.813245487818545554e-01 5.970556629922973979e-02
4.144796121487481777e-02 7.445235408829453672e-01 1.747716980576814461e-01 9.194826736649084342e-01 3.317164909096390613e-01
6.873660084486865607e-03 8.484263437046368761e-01 3.958061812479023445e-01 5.359585144795481204e-01 7.385690772076675126e-01
6.848410804351006131e-01 8.949276780383110808e-01 1.189840480011071788e-01 4.073068914275853603e-01 8.072291084880561796e-01
8.745523073870058450e-01 2.831473687404806316e-01 8.034352712991221779e-01 8.720300325420589083e-01 6.994114964330849782e-01
8.561268715227684512e-01 3.834063299928216484e-01 9.930781149704903665e-01 9.760134965402113005e-01 4.030032160999952318e-03
5.200815411848392911e-01 1.468907599443628476e-01 3.632131328338283893e-02 7.938930323668069722e-01 7.794984602490195869e-01
4.431819354441562941e-01 7.076668261920379122e-01 6.998894292694780583e-01 5.219478350176287584e-01 3.597243525253359664e-01
2.279778112183328265e-01 7.664711072423459060e-01 6.822254014534501199e-01 3.358742042236068093e-01 6.148524951771349167e-01
5.853096639816404156e-01 9.936850289428489358e-01 3.824982084500767598e-01 2.047667923748006658e-01 8.175126380733044318e-01
9.471895998623472979e-01 8.973087914684985122e-02 9.402119960919118613e-01 3.285328302622658736e-01 6.347122424232317650e-01
5.820770578856296895e-01 2.744572865400632944e-01 1.574522963311110191e-01 6.118070710927469014e-01 6.015508944644931688e-02
3.698326937675733284e-01 2.415019905707231906e-01 4.689312755497195839e-01 7.122367688699683397e-01 1.195266050347152387e-01
5.928589525198699750e-01 6.489098406235054295e-01 9.373213186442973521e-01 4.541811171726153340e-01 6.279476890643949094e-01
9.741859209678037645e-01 9.239439520476195877e-01 3.744453262161276941e-01 5.378070740241004399e-01 4.506997144016606782e-01
7.395966193831648994e-01 6.549255179866793064e-01 8.404038893157264045e-01 4.358910329801157779e-01 8.100363717972443034e-01
5.298958535854365604e-01 6.056776849734966106e-01 7.138180337664496999e-01 1.377791810368371728e-01 8.910037906046803791e-01
7.406146274696109311e-01 5.261806186069367675e-01 9.934050383440536924e-01 4.643403160534382845e-01 5.391197391286596252e-01
5.237408383574475579e-01 8.184202291194343504e-01 2.800157302963728334e-01 5.323838512938221523e-01 8.445815620738242879e-01
8.417315688209072722e-01 2.401898659091354915e-01 3.471936415301823953e-02 8.231832560991876324e-01 7.602178927134417563e-01
9.032829813245912831e-02 8.899208662781488144e-02 6.038874865747723142e-02 7.705742656252794198e-01 6.099508704959920591e-01
7.420326369728408311e-01 2.050941356227994339e-01 7.773513162458924874e-01 6.013097801150354416e-01 7.008473450590249065e-01
6.069209673301320107e-01 9.266690816670032360e-01 9.996712492556650842e-01 5.398173207972437604e-01 5.621312135049103542e-01
2.094543760098308560e-01 1.639841001413042676e-01 8.403680405725686420e-01 6.723377630525101400e-01 2.684403419303038607e-01
1.951054317867950694e-02 2.102023682876408284e-02 3.828599795124720817e-01 3.959628562454700074e-01 6.533197061552203921e-01
1.044030918181787504e-01 9.226756940078428837e-02 7.933936681143846092e-01 1.079204335185721675e-01 8.947859310876905559e-01
5.358807649870540590e-01 3.801802461760142027e-01 6.387768925278940468e-01 5.999273188647067379e-01 3.055435495233312926e-01
7.648404153825827390e-02 6.034637024704248009e-01 3.415138087347322493e-01 2.287161219958889768e-01 6.456035265117455735e-01
3.239777121117798364e-01 6.015733011044217537e-01 9.924006329414958305e-01 1.279866209865814231e-01 1.436107822857464189e-01
5.000790936357359939e-01 3.288297586340216405e-01 9.467692925357935607e-01 1.135533323329014355e-01 4.560958952601009697e-01
9.415976993147560092e-01 5.818982026666069673e-01 5.456355904063810991e-01 3.288025133864090899e-01 5.594258599682583322e-01
4.585810945288768536e-01 9.107516746938797425e-01 3.393276175778907611e-01 1.517193771761953247e-01 4.671818500642271887e-01
8.470989693430637235e-01 8.498355315075502014e-01 6.281554561034597972e-01 9.152572627149839768e-01 4.687217038661575241e-01
5.774373913860233465e-01 4.091005652989135877e-01 2.206864254115004087e-01 9.696182799915822326e-01 5.167233658299043020e-01
8.487031255509641658e-01 8.995935100764008707e-01 5.807946468160866127e-01 6.969434357769532795e-02 6.591837251343179993e-02
6.613039288802808890e-01 7.737594226526393060e-01 3.876542213152834870e-01 1.657866139178812981e-01 9.648344507365513856e-03
3.442194091246011389e-01 4.641595595076916103e-01 4.330780155749869298e-02 1.666191549931438365e-01 5.965805069492883250e-01
1.485330486538816164e-02 2.036609353554141855e-01 1.122410080818379008e-01 4.605642466121651069e-02 5.109790056525242985e-01
8.077289193312807702e-01 1.509819983626482509e-01 3.907349963592469111e-01 6.691469132018198485e-01 2.856979871374711877e-01
8.035701894451909855e-01 5.120945257163027620e-01 1.192094135055902226e-01 1.189546419441914749e-01 9.348187633333625568e-01
7.909712744954668917e-01 7.594162338845616977e-01 8.037623516129719370e-01 6.501920547069732770e-01 9.135491107090069063e-01
6.735370622641290161e-03 8.805113515398671487e-01 6.945876667526938997e-01 6.883046864332897918e-02 4.046536014023141004e-01
9.570377162076966204e-01 2.114643272309757460e-01 7.748714893961072825e-01 9.184072190541927583e-01 5.018464718254860291e-01
3.032111539508722808e-01 4.261084176475309349e-01 3.061068571296458041e-01 2.983633371274247992e-01 6.168477190887597938e-01
3.299444454841604646e-01 6.419344727066536027e-01 7.682091502695326257e-01 3.305157493244357259e-01 7.787091506192846957e-01
3.101148768440615822e-01 1.746297485696380880e-01 5.090356236621585984e-01 7.413814622256249542e-01 5.496974806495679156e-01
9.416136512018734583e-01 2.602989465507331568e-01 3.276642046220712423e-01 5.612327500447622519e-01 1.044495011965249631e-01
7.279052964345151810e-01 6.575402683838948992e-01 6.577781356259125856e-01 1.421094971401981599e-01 1.836651226043279905e-01
2.991102425264684506e-01 3.976489112836394391e-01 9.524898263681188526e-01 2.499757817789760583e-01 1.454712691939952229e-02
2.192239049114571570e-01 8.893211133291680781e-01 2.248683901037809019e-01 6.153298735459709068e-01 3.363062643302372479e-01
9.663706851353272009e-01 7.747637927709704053e-01 5.231224326028016680e-01 4.591030134027054288e-01 1.167295407911922434e-01
5.305207416133292941e-01 6.727047433800299459e-01 7.346070657490066935e-01 3.506217722433068174e-01 2.555284745080821374e-03
8.202419031661101201e-02 4.298803913370985441e-01 6.706200544739043812e-01 1.618661769675379114e-01 1.010087851530241387e-01
3.004345603729344782e-01 9.673341035167473123e-01 7.216840382119192876e-01 3.286464488468698875e-01 6.244799110282939214e-02
2.118363208069946602e-01 6.751319893919099924e-01 2.971831289452021574e-01 1.863331753720023354e-01 3.385016625905848953e-01
3.630289740584716762e-01 4.122963318417182110e-01 4.687707968870051811e-01 6.091580381203851591e-01 3.443665484021154466e-01
7.456834204120860177e-01 6.897236924760831167e-01 6.970029685348165804e-01 7.788907518423187071e-01 7.984358712265359204e-01
4.644037049823829255e-01 9.413680887273526698e-01 9.451935083883329369e-01 4.480922667060871500e-01 2.188063378488256383e-01
6.762702265610948116e-01 9.270153511620974340e-01 3.600660078496575878e-01 8.671498900418659339e-01 4.008233114968885458e-01
8.374317296812091582e-01 1.916021540204826401e-01 3.553921500480450302e-01 5.986431427283036566e-01 6.241494652198098514e-02
8.768171646030431532e-01 2.650430978203613952e-01 7.320187028812296104e-01 1.466571583628538678e-01 2.014221028841101102e-02
3.851209526958160323e-01 2.223029570228909346e-01 6.610699302918106035e-01 7.421737966737017578e-01 2.875744715010652985e-02
8.914388474313000854e-01 7.110379947735930850e-01 2.882958581769318185e-01 2.646919110591564595e-01 5.876681797804280682e-01
3.984946873060494221e-01 7.543647794716558108e-01 1.668933311008162779e-01 3.650595637646174563e-01 7.630050206423668602e-01
9.546876479177673902e-01 8.994708182370062532e-01 1.862394405095363359e-01 1.129712143775927213e-01 3.429141024794402082e-02
4.841725142794681691e-01 7.545914719666798609e-01 8.712480761863795609e-01 2.947100714310242342e-01 3.022878748439737917e-01
2.027472384901293223e-01 5.385378166829601909e-03 9.378017220041092727e-01 5.287511515561573727e-01 9.637884418872557646e-01
2.379168937753425306e-01 7.278042455552455881e-01 3.115364464043761661e-01 5.946095394606616402e-01 1.822784562617084658e-01
9.087311828166031447e-01 6.688421649480408293e-01 3.414712262360448669e-01 2.119390974418597917e-01 2.238572472809688962e-01
5.726096823572458527e-01 8.443619811626859040e-01 3.897440494512848241e-01 3.308889862032835527e-01 4.842353726090238286e-01
8.393754840025907660e-01 6.146331189553466690e-02 8.585439515353234796e-01 4.895616600697092480e-01 4.883061323086227423e-01
9.788585871539534633e-02 2.988572933856958880e-02 5.067247657373405989e-01 9.866142582562392738e-01 4.691103273513217431e-01
1.276608335877016387e-01 4.496113906759123813e-01 3.516528423672493631e-02 6.293533241797902855e-01 8.467945013223376893e-01
7.829703543556923995e-01 5.212733371386115699e-01 1.741265670022273948e-02 5.123491710297043422e-01 6.765094486091972614e-01
2.281827798574939115e-01 9.345471874385591349e-02 6.385596649676961167e-02 8.923452008869547925e-02 2.737438864872981936e-01
4.073818444405952199e-02 4.659685593928252212e-01 6.401458765454726141e-03 3.129752837020044476e-01 9.200087079622704112e-01
9.108814942224138234e-01 4.410880270688042337e-01 7.601341332895914515e-01 8.213822752656999571e-01 1.334619850463841795e-01
7.868460989436795172e-01 8.153991360004173572e-01 9.815523165566059083e-01 7.130726266245668299e-03 6.449531330756090863e-01
8.882216358357972741e-01 6.179211334171915704e-01 4.010592769619938380e-01 7.941580716313944022e-01 3.015146233018973776e-01
8.111936697046527867e-01 5.276115177442884940e-01 9.375241217614188605e-01 6.456407974052549292e-01 5.997040540008937715e-01
8.477116687300958464e-01 8.157949923738663234e-01 3.586146817358486505e-01 4.037492435936694823e-01 6.899798803288552662e-01
7.272330547051704119e-01 5.419565557956410595e-01 5.099529812827048314e-01 6.494369323326421028e-02 9.685418105949250567e-01
1.167724375233104572e-01 1.527943250930375862e-01 4.997899550920589240e-01 8.563952485183050634e-01 5.802005153884853828e-01
3.791247238387227547e-01 3.494970319612533682e-02 9.543830504676146242e-01 4.048667948404932604e-01 9.753423943206322999e-01
9.096038223857726424e-01 4.481851025148400058e-01 8.187728965213985077e-01 4.325838903970643523e-01 8.851579694269309240e-01
4.661844304271001160e-02 1.445838602142646145e-02 3.536005929578335261e-01 2.354518111852343942e-02 8.713770651186059091e-01
7.143153041233973877e-02 6.951724643922840841e-02 2.399495367827697567e-02 9.791712909961790556e-01 8.434108771018015149e-01
3.051491720468195723e-01 9.918209338776567963e-01 5.149168097709633241e-02 5.372587547735148128e-01 9.232118064792331769e-01
8.818107555111157625e-01 9.223284450465935036e-01 4.829177271992656229e-01 5.703435870282128617e-01 2.943923146087255027e-01
3.367307852883650865e-01 9.844347765407651663e-01 1.444306952172664804e-01 8.998162653892479712e-01 6.125741491288405616e-01
9.881932731329595709e-01 5.171730012500592721e-01 9.091083805866364553e-01 4.595255078677895622e-02 9.183097023537772907e-01
3.658427453791479600e-01 7.071983627916205162e-01 5.852987866092175251e-01 2.179407981594889687e-01 6.009153421853252741e-02
7.995725668668169916e-01 7.607282393220876626e-01 8.957341202550805903e-02 3.207837836345687199e-01 6.226282335159940562e-01
9.249623009813033869e-01 6.761955576554846692e-01 1.160271197636264517e-01 7.742758307819296304e-01 1.018549419765659714e-01
7.818028016960443249e-02 2.155517669351891819e-02 9.690146123101726072e-01 3.451245303844956425e-01 8.755423623209356299e-01
9.890689744912829484e-01 7.432177563479379634e-01 2.502603637642237810e-01 2.175163060610904031e-01 3.252352959146208589e-01
3.239898931902029933e-01 4.006054943121786227e-01 8.459428423072287151e-01 6.654188088774426468e-01 2.123714369888224374e-01
4.531459652717829689e-01 9.993228467118510094e-01 5.980322075975882390e-01 2.995309267789424412e-01 4.303292894098120769e-01
2.775150216412300974e-01 2.346346411872537452e-01 2.048284600721048676e-01 2.488142381917164414e-01 6.188354105389981541e-01
4.052279928074140614e-01 8.670905253096078402e-01 5.794261078399900455e-01 5.611049247334580770e-01 5.017684967307352029e-01
8.113402057696175174e-01 9.771578957574593716e-01 4.258055858135812999e-01 4.082523751128570577e-01 3.173645044947475125e-01
3.058384185872942140e-01 5.555747007416749206e-01 2.671825205836860784e-01 5.360911025901800020e-01 4.411987344692316348e-01
9.581787956553389218e-01 8.719514657160357674e-01 8.459770318049777416e-01 6.635028521237767984e-01 9.917232715911314944e-01
6.647494892465233285e-01 2.745059953057960023e-02 8.233897160889430689e-01 3.431384067160769824e-01 7.438867284728785112e-01
8.660514867209279100e-02 5.106038804137071896e-01 4.346849456608493645e-01 5.162167662810857038e-03 8.296617473325914593e-01
5.050375481701162572e-01 3.429049377435724466e-01 9.779296712871856645e-01 9.613506397161142303e-02 7.315407888858116436e-02
5.859031881680428766e-01 2.061673903370090377e-01 9.820877790209181502e-01 8.075318118466160433e-01 4.902003394971207184e-01
4.026218626553377256e-01 7.153816459116463244e-01 6.953636097330129218e-01 1.619929935125741238e-02 2.510066567685791394e-01
2.157525854381480146e-01 5.285871913762936192e-01 7.886514675518271345e-01 5.160180990133532708e-01 7.264478198097494843e-01
7.449409453295900985e-01 3.317909294855163616e-01 1.371740613612103532e-01 4.395997707202742300e-01 6.590447873105260701e-01
1.701369908822258914e-01 9.111027171919406920e-01 7.569272767999513096e-01 4.119741919290927923e-01 3.644317055280292816e-01
5.444085452378080170e-01 1.104987431833310829e-01 7.057361456959504453e-01 1.997904153171199404e-01 4.987930365297198465e-01
5.357512577109408980e-01 5.719202774292171387e-01 1.498108022128522565e-01 6.616294881299067399e-02 3.393768199807160046e-01
6.979991156985310141e-02 2.642126292251499864e-01 2.478932618187889014e-01 4.924207776006483961e-02 9.690051802661051594e-01
3.179916489566158022e-01 8.184477360989895756e-01 8.252030592940199361e-01 4.184359923694387362e-01 9.061594132992709660e-01
1.799586912420998441e-01 9.176174719405982838e-01 4.771097959682973899e-01 6.916969826517845865e-01 4.287357803581038906e-01
1.689379491044643578e-01 1.964677423241963927e-01 7.386726149761541071e-01 6.113749282090018555e-01 6.671059048446329465e-01
3.502505038984556895e-01 1.529682095916058415e-01 4.087029465414256935e-01 9.287171563381214634e-01 6.851977404686337980e-02
1.062500024930711495e-01 6.394767427701474327e-01 3.867272226329163676e-01 3.255752239284813720e-01 6.704510265300007710e-01
9.306392775548086860e-01 9.530975371252069506e-01 8.938752604331572371e-01 4.403678052534145682e-01 6.764175937933158966e-01
1.666416708266014179e-01 2.251511586601800952e-01 2.582069023279354170e-02 1.033916548379619771e-01 4.569193453331441557e-01
5.137903605780944627e-01 1.287706176203622377e-01 5.203581800134640112e-01 3.855543571445836371e-01 1.519184083809649310e-01
3.041031964190673564e-01 2.127171931413514017e-01 5.323587370894214965e-01 8.511433594417404658e-01 1.257127325340778867e-01
4.496322085076289721e-01 7.293133723195356355e-01 3.340298102598242558e-01 6.903285825530147690e-02 2.510634183741682346e-01
3.870691267735196783e-01 4.430239246600631287e-01 7.681815839541720203e-01 5.631999927846148557e-01 3.960511912812973989e-01
9.992937664970831246e-01 8.889831544851495293e-01 3.533563141514061146e-01 2.981333614265860854e-01 2.169737903835753379e-01
9.530247300357066464e-01 2.334877654151065185e-01 6.899858035671108114e-01 5.800625007767563623e-01 8.948169375247091439e-01
6.824339747898341413e-01 8.109325896587586957e-01 2.873223349681331973e-01 3.293409681513076448e-01 1.463945043998367002e-01
6.653534919576491458e-01 5.812135873776133055e-01 1.706792046642219285e-01 3.780514689981642196e-01 4.681868575268807176e-01
9.606144625999400999e-01 8.869519821863602882e-01 4.372400933221790575e-01 1.352202395303270244e-02 9.624214373263912936e-01
3.016563401035049496e-01 4.273449788955085982e-02 1.959399682619010763e-01 1.034808324742925167e-01 4.500138708974469326e-01
2.218993350452502789e-02 5.353745340876079339e-01 4.188653376505413473e-01 2.904428683225975805e-01 9.444019202769199373e-01
7.875460532787716961e-01 5.023077107897048199e-01 3.850686177001257926e-01 1.725163666324300848e-01 5.033038402682629142e-01
4.884652955350315962e-01 8.229855407962908265e-01 9.862246913553569527e-01 4.787964449068834449e-01 8.000992291075739171e-01
1.761002320361506612e-01 8.988518477417848374e-01 5.439921710386173004e-01 3.656555750606971245e-02 1.893274407125472569e-01
4.706462764777209484e-01 7.334798305539164121e-01 2.110805312761547814e-01 2.122075658009286991e-01 3.119861178442828731e-01
4.923526301897641622e-01 7.481915776551475439e-01 7.588644531410734251e-01 2.396559256652921466e-01 3.389014250472448531e-01
7.364929965791244815e-02 8.289807288147719166e-01 1.365618268165336158e-02 8.818144563458474305e-01 3.218909925924503534e-01
6.673441434348269530e-01 1.990745303472383210e-01 2.165326341927115150e-01 5.419545792882008994e-01 7.543471988497854053e-01
8.234151075644258189e-01 9.125720181885562665e-01 2.924424016546063321e-01 8.717831269809218631e-01 1.829149518117660911e-01
3.598618802423125818e-02 4.088480532557557945e-01 7.799486858800930289e-01 4.059422058138345557e-01 9.464797965584825779e-01
3.070126033933264775e-01 3.127114532086908705e-01 8.860664443694956649e-01 4.362092136097156514e-01 5.609483698316071187e-01
7.501645516008392800e-01 9.642458305284349329e-01 1.697303561956396978e-01 2.498404863797976105e-02 1.759776451491864568e-01
4.697496680774941868e-01 5.903099811972397637e-01 6.999326373966221482e-01 6.249098952561051856e-01 7.965464952380307828e-02
1.359952828801818114e-01 6.326009708597438719e-01 7.709746700491055815e-01 6.017740658197064940e-01 8.504400453406769644e-01
6.820841280559488684e-01 1.972542737731003415e-01 4.704874010865280898e-01 8.207129907404531188e-02 7.827536657879248239e-01
4.413919228378957449e-01 2.819920757556864110e-01 7.387971602190410714e-01 2.864199736967970589e-01 7.211753213997903478e-01
4.915188425149856766e-01 8.809472524184330799e-01 3.872281433851350041e-01 7.345359131298395683e-01 9.977147381523683300e-01
8.324182381563693944e-01 7.941165824174724053e-01 2.075970155622507418e-01 5.661962722670883519e-01 7.207643363192780539e-01
4.397074629590126404e-01 2.629541242888137065e-01 8.815118743815156810e-01 4.377002111695577069e-01 7.806664452272604748e-01
5.204752411701762949e-01 3.704277090894920743e-01 6.828543401411115710e-01 4.641924356632782800e-01 5.774560310037533117e-01
1.062786039116817571e-01 1.468750445815816263e-01 5.675381468216563752e-01 8.037720866483701876e-01 6.860551507412103733e-01
3.724959050233004332e-01 9.100493974759206184e-01 7.207799874465998791e-01 1.467564617954897344e-01 7.055860066100375638e-01
8.807165512103802829e-01 1.339042406687270814e-01 9.847306246640414873e-01 9.980118851388622980e-01 1.774081047835504021e-01
6.987683129236583746e-01 8.658443931607078259e-01 8.977629214567433014e-01 3.438684620461898156e-01 1.904732811189452368e-01
6.992169204711583541e-01 9.570039092046367379e-02 5.070525302545295654e-01 4.200708700834538956e-01 1.059077491445140629e-01
7.816003063183872834e-01 2.765907124987490029e-01 4.527689083030460582e-01 8.482702261031543900e-01 9.071390780335520931e-01
3.509317084380558782e-02 3.235318577414336705e-02 8.314826803587904713e-01 3.599678238243735340e-01 7.212479745976970724e-01
1.918154865497652128e-01 5.598506137702008445e-01 5.119506693471218561e-01 8.748569203151648210e-01 2.124333830154438996e-01
9.296079469658569128e-01 8.936492330169876208e-02 1.219472514188777446e-01 7.705513910905872343e-01 2.302195998021142609e-01
6.581678283931574613e-01 9.171661393537589024e-01 2.967128085968251394e-02 9.639045996366472080e-01 3.319120376939734829e-01
2.962769679997588890e-01 6.143290766729814223e-03 8.941979790164804598e-01 4.161659326709092888e-01 7.138075758973790874e-01
1.645253521554093101e-01 8.881083392246631458e-01 5.802708296731274862e-01 2.117721925396147675e-01 9.339826308059773208e-02
1.118224132734824128e-01 3.908055271420235455e-01 9.854429445271023491e-01 9.947648480986138741e-01 2.299508547145930892e-01
7.941521402210810487e-01 5.458373541267096396e-01 2.561501873149415465e-01 9.890356465509431150e-02 4.067746067519573128e-01
1.466833854486345734e-01 1.653766861060234072e-01 8.134216366602053938e-01 6.971932569656857925e-01 8.285933113595490562e-01
5.824408748183378393e-01 8.209543238309553459e-01 7.059609849718088137e-01 4.330496182361485147e-01 6.983827539871533263e-01
9.996937766987842311e-01 3.689081767170174775e-01 9.915122541970124992e-01 7.154569749182587701e-01 9.392373971673364519e-01
4.399964991278974002e-01 3.301666655069934730e-01 9.068325334970220863e-01 9.021845274478205168e-01 4.845008612417706084e-01
5.065863293651358124e-01 3.259449828043021746e-01 4.763544475428327374e-02 7.206270254157782773e-01 8.130293542460699241e-01
3.460613440509034966e-01 6.826862635233039711e-01 8.889592084061402888e-01 3.782513728100433958e-01 5.568331309280146746e-01
2.000040084553507125e-01 7.646089883521023367e-01 6.264939902772034275e-01 7.251593457693269462e-01 9.147264016116956054e-01
3.630366178667144839e-01 8.132636071668004618e-01 8.807626318884790306e-01 6.151057944837939884e-01 1.406674475063699470e-01
4.908662863858497261e-01 3.035640332483811044e-01 9.723235197760554671e-01 8.606980667707442301e-01 3.153409686485867391e-01
9.242020319806731887e-02 7.508633433573242977e-01 6.424062745363879889e-01 6.737557212578837440e-02 3.712605861108240202e-01
4.267218437063324821e-01 2.588619851475901790e-01 7.676073676083240427e-01 1.893801019276107889e-01 8.425318069227504258e-01
5.767009730247935062e-01 8.797671801469978403e-01 1.605072923204883262e-01 5.071214883092912684e-01 6.637199111074995050e-01
4.529692832760302545e-01 6.824766587410846519e-02 3.907569869589881950e-01 8.371910135152516030e-01 1.765475268450947821e-01
5.252506244334387286e-02 2.519211613876287670e-01 1.883954741519964227e-01 9.030747183388282417e-01 6.153976278858391824e-01
7.481534650212119386e-01 5.650844317900555192e-01 4.711718329140370809e-01 1.669772241112730260e-01 8.150215277150919535e-01
7.364296470344551260e-01 6.029832438165948494e-01 2.027180710670414276e-01 7.759932007836086720e-01 1.170389235641843273e-01
9.914106421137285352e-01 2.645257848446668225e-01 8.937289169759663476e-01 9.174926998165654490e-01 7.789212935029253826e-01
3.923420956139295201e-01 5.874055174507636368e-01 5.075920962347220122e-01 9.135589460873561052e-03 9.943382847944342018e-01
7.121947336949350227e-01 8.151895366483453698e-01 2.468057741162286156e-01 3.836903017035995234e-01 9.477494300288008544e-01
9.551095395142595867e-01 3.166817572117990309e-01 4.843451308321904403e-01 8.700666594241760476e-01 6.896904756332596920e-01
7.111569865676493629e-01 4.198815144793396348e-01 4.734858607529039976e-01 5.062701228891555161e-01 9.140481396310506934e-02
5.350045643320469058e-01 4.461249596682059781e-02 3.254838477474126801e-01 9.592030339662017679e-01 2.367546957413934061e-01
5.203735430417716357e-01 7.850222093071336227e-01 9.519737924643358884e-01 9.915415837011014588e-01 4.198109444884258190e-01
7.855845127614857759e-01 4.128515898621878399e-01 9.429621083677330873e-02 8.909187418051660590e-01 5.244971843575846338e-01
4.389922936485309846e-01 6.918900061772289556e-01 9.293981602754013416e-01 1.676580376541816353e-01 7.064930412964453010e-01
2.474396187878713516e-02 9.981430627122811483e-01 6.558884047053742394e-01 3.996247159843491215e-01 2.713542766747515378e-01
9.881165311115069905e-02 2.922518685426128693e-01 3.596513353107998467e-01 1.003072167653241697e-01 5.801284743245104236e-01
2.788772195950951494e-01 6.279976720975736226e-01 5.659323183272361169e-01 4.407807112811391592e-01 3.478975725915460782e-01
2.069550122978515150e-01 2.201913914953442797e-01 4.048735850106588430e-01 4.169148795841077781e-01 1.689180861937045197e-01
5.983337359219629281e-01 4.001053394366994587e-01 9.690914749553949381e-01 5.871095375523706084e-01 5.311124260948839604e-01
5.374290982335048206e-01 7.544066714807438068e-01 9.717783475553438688e-01 9.590454179004482826e-01 4.312572698269514504e-01
9.102776567313486389e-01 5.171816067720282906e-01 4.984226968497612598e-01 7.086084752805380527e-01 4.267477333729121636e-01
4.388209862364098601e-01 7.486288127628374367e-01 3.980643666196328478e-01 5.417691022074261342e-01 6.917396783616555078e-01
7.666913971269531114e-01 9.293558789339074755e-01 9.259381178277272806e-01 4.320325998393005351e-01 3.591379659168558725e-01
6.369698187760119978e-03 7.896463452856841148e-01 8.096529487400351277e-01 6.230697962839735204e-01 7.497591968086246839e-01
9.918099663775874486e-01 2.092701105910474979e-01 9.820026598190256806e-02 9.011146474473336054e-01 4.052992225984541896e-01
9.307611348791572370e-01 6.464804444110847648e-01 7.801269999302182789e-01 6.360964073824195708e-01 9.164161341016497930e-01
2.395473490517282533e-01 5.115433820959999212e-01 4.470940478052908285e-01 6.723117242889655731e-01 5.256754607881330976e-02
7.047671391696604948e-01 8.720244810816987213e-01 8.461477413042459705e-01 6.550679034564230729e-01 3.933360430237794469e-01
4.050698343003776847e-01 2.213179281135966292e-01 8.720487606094456945e-01 7.299750925359490550e-01 6.476082295490845908e-01
6.645814414128914382e-01 2.512681876835753947e-01 1.950480629025630464e-02 2.374747137164462396e-01 7.504956379309214443e-01
6.556515533706078758e-01 6.667859494845856938e-01 1.020890059534299565e-01 7.680728412551951489e-02 9.953897786884318144e-01
7.923672531971530653e-01 1.372950846817512227e-01 6.767203361036594478e-01 4.614279820185683834e-01 5.063105801303805498e-01
2.989969702232214699e-01 3.089538639525121200e-01 7.246713255771309870e-01 5.873309459606207428e-01 2.830260151767259869e-01
1.651662744749300415e-01 9.887476698766907157e-01 5.285987454533148666e-01 8.647959828965663398e-01 4.269830596943332557e-01
8.116953106527091677e-02 2.848096209979840143e-01 2.826275191105557250e-01 3.953994974423826747e-01 2.928241110627055610e-01
7.515524975259164631e-01 6.959959306092868836e-01 3.649423541895508993e-01 2.549278089545025106e-01 7.890784859035981924e-02
9.310930206364442796e-01 4.171871545747471988e-01 4.944673578675433667e-01 1.504350292897106423e-01 2.495525085791826525e-01
5.923040546704781972e-01 5.024962395245208269e-01 5.815999185629541213e-01 3.939558366832539571e-01 9.135472168436610252e-01
9.275874236836751940e-01 8.036579659485787452e-01 5.068563870943525451e-01 8.721542731482813116e-01 7.816124731987220686e-01
1.031406020617376962e-01 4.361696101999537056e-01 3.744594022459912797e-01 4.919261682777865685e-01 7.470912813271366471e-01
9.846598889938877885e-01 1.378043637787630393e-01 2.841777908888110105e-01 5.353224989379838927e-01 1.483451071246199016e-01
8.663919429895202695e-01 2.350707697923595241e-01 9.906716561695982914e-02 2.100530235489483921e-02 7.218458846067866697e-01
2.215940844529420417e-01 1.356316496294507346e-01 2.175000268102191825e-01 9.749154734095252239e-01 3.125161669144572718e-01
1.813549598150636655e-01 9.841995984555595989e-01 5.175908499432331222e-01 1.273243819587857040e-01 5.726068075855552664e-01
3.133455418040126395e-01 8.685840145085048647e-01 7.386812812996637057e-01 4.033815475609394685e-01 1.407835152640983800e-01
6.886233916554309609e-01 9.787959081750857715e-01 3.425820433196966608e-01 4.874096817299716777e-01 4.984701244606913884e-01
6.904411442210558469e-01 2.660913945695300153e-01 2.460513030452973204e-01 2.742532186942826522e-01 9.670386325665050187e-01
7.506903012694601252e-01 9.395227918760422625e-01 7.215942111595877728e-01 3.127145219628545414e-01 9.211634800782143584e-01
3.494404844861711545e-01 2.943383693438303972e-01 5.508077355065569281e-01 7.286886647791593896e-01 6.861281608981704139e-01
8.270486493820297103e-01 2.558862712735454625e-01 8.857109011776076457e-02 9.605458196281685401e-01 2.227216591680346580e-01
3.593934005995786940e-01 8.889052210529302389e-02 5.628447521497904615e-01 3.840133714232109030e-01 3.826458041203455451e-01
6.883907668186274309e-01 9.030795791000406636e-01 8.910362752621703297e-02 2.939577946609329695e-01 9.105033923829103371e-01
3.416085954046672590e-01 4.342281891181218878e-01 2.245153070589296362e-01 1.554308191679509843e-01 5.228270161671629834e-01
6.772913467268014687e-01 3.313261729568657277e-01 6.816898508161204351e-01 8.824365018082771517e-01 8.800099728119042952e-01
3.575432666222517764e-01 5.498841294290238713e-01 8.838460707445783271e-01 1.366623978361496405e-01 5.513275834866460112e-01
3.298591571939892830e-01 4.121130081929264000e-01 2.181606005007363791e-01 7.788009724624603836e-01 9.445498780878938128e-01
1.060478718989182889e-01 7.789925354490599974e-01 3.328376502029009032e-01 1.136274737768351306e-01 9.828659510766278862e-01
3.256621232498344565e-01 5.651123019064182573e-01 7.428021106548721164e-01 5.956221591377114377e-01 2.190209151365903884e-01
7.807981535067352041e-01 6.312839973507855529e-02 4.385635822699440745e-01 3.297497182371592617e-01 2.303952261391883916e-01
5.893156151702678702e-01 9.183313145708182912e-01 6.223888046869662238e-01 7.245932324962507387e-01 6.647923101920077960e-01
2.165745581632062544e-01 8.018183542448767964e-01 4.732680622727858388e-01 5.211406248213690251e-01 2.775196286460521744e-01
8.200808968952543188e-01 9.853184551294750237e-01 5.703385706308088388e-01 3.694862464189208051e-01 5.464047123808466466e-01
2.449166455649016694e-01 2.283238442775633592e-01 6.938954033679589628e-02 3.018527130389641044e-01 9.506344801320345539e-01
1.876476808477270941e-01 8.805921131464320428e-01 2.402487600211998808e-01 4.791726483422481531e-01 1.123694519084440513e-01
7.760078640954981566e-02 7.117072005057191175e-01 6.260971905031771367e-01 6.487580748878823966e-01 4.696357104896545787e-01
2.627079570458370483e-01 6.636657737549955804e-01 8.109680063001145633e-02 6.831654708602554749e-01 5.350519791881179765e-01
2.012131572962088111e-01 8.262718615140911549e-01 6.632434707608588775e-01 5.775731844105900237e-01 4.306776354951131758e-01
5.701152143054321053e-01 3.554052101189942858e-01 9.557056561367919256e-01 5.316311511911164800e-01 9.306915898095904360e-01
3.967635885358627990e-01 1.775657973697921665e-01 3.528396727634399710e-01 5.888746972569248728e-01 4.806495187372349376e-01
6.871409422414480606e-01 4.186785416060210263e-01 7.900054270549724533e-01 8.408880054004648219e-01 2.125584118840957437e-01
3.925634008910994233e-03 3.867701486780664721e-01 7.582287777052360012e-01 4.354937971939987218e-02 4.299108811173274480e-01
3.799601715503605481e-01 9.378800006008212176e-01 1.115103516219817514e-01 7.779548287355232405e-01 5.720620196982189043e-01
6.589465090575795658e-01 9.562534677943594907e-01 5.819521963393449182e-01 5.862273013106029662e-01 5.609986232657249161e-01
1.548241836115006320e-01 2.357693513091405624e-01 6.996420962864389193e-01 1.803488525197697312e-01 6.912111880093794181e-01
2.214595447451880306e-01 8.952609625387828451e-01 8.886074325409351049e-01 3.568564762182117045e-01 5.832054029970160647e-01
7.723302416007403748e-01 9.011969058922085773e-01 7.093405453381955716e-01 2.765614426797480263e-02 1.203990005218436021e-01
5.444802855791078811e-01 3.899165959264808690e-01 7.379620240874824599e-01 6.475554178383459147e-01 8.488371315588179034e-01
5.153405756110687186e-01 3.069376925335182138e-01 6.920155577945124037e-01 4.666289054159473704e-01 6.382231245705863865e-01
1.071947014085428140e-02 9.775393980010645967e-01 3.107887988489682618e-01 2.034735145600884421e-01 1.705497470452081998e-01
6.793185280395276360e-01 3.652307364312507021e-01 8.532769803500926953e-01 9.367839701132470998e-01 4.368588196364545650e-01
4.581524625429167497e-01 4.310253700841193414e-01 1.306670184911741250e-01 6.572951620633442626e-01 9.439135299772926091e-01
7.980710846134888570e-01 7.574027274395767062e-01 9.270966574288319606e-02 4.009197124147244606e-01 2.738742117974357626e-02
1.181314349128481656e-01 4.759664968759292902e-01 7.263723189939758074e-01 1.555425076630910786e-01 2.215314065605074045e-01
3.705551175379959705e-01 8.792401913298609761e-01 4.466926735539319404e-01 7.596015944321725666e-01 9.729766689648402522e-01
9.402066562266655492e-01 2.123222665191609737e-01 4.228599508297842258e-01 6.504634759347036610e-01 3.359686850511909295e-01
5.434568691032892751e-01 5.386303537348935411e-02 1.557537362788051771e-01 6.294828023200144118e-01 4.407155321345340715e-01
3.160370650804428250e-01 6.669817757059885999e-01 2.423501509340872939e-01 7.318176325733717347e-01 3.205161141140256964e-01
7.291968291389744339e-01 2.851934058345340084e-02 2.775738154793604417e-01 5.148987815728733874e-01 1.310894221686268457e-01
7.589917849203322575e-01 6.429624573417873634e-01 8.069441159612579240e-01 7.285575618514873453e-01 8.474052885899842069e-01
4.797740056716524037e-01 3.307086679287655206e-01 4.861371921547327224e-01 4.553881340837475644e-01 6.673640831004267193e-01
8.700781417967659026e-01 3.524454346488039569e-01 6.304930280239143814e-01 1.383539864164492483e-01 3.796199166591132101e-01
5.250405807571282280e-01 9.035905967350488233e-01 6.794658586117368060e-01 8.464739005435405472e-01 4.891966177293787243e-01
6.850653454344003412e-01 2.042180658337353627e-01 4.420615383551297350e-01 1.020156212206635438e-03 7.447101607149209102e-01
2.400371349128750387e-01 6.841103493395057633e-01 5.141491939616705809e-01 6.546794449862237686e-01 6.997177816555196772e-01
3.009080180569358998e-01 5.853016966089176210e-01 6.711482806047927019e-01 6.958780620824848162e-01 4.755082374155747971e-01
5.810086765862618741e-01 9.007178823390834532e-01 9.775931959489401191e-01 9.521877012317953026e-01 8.257108521149653102e-01
3.271200421446049944e-01 1.730430411735713880e-01 7.563345674194305035e-01 9.991396341330671671e-01 9.125634077752445839e-01
2.249255853353832046e-01 7.278564281321646678e-01 8.018938600536411609e-01 3.846156096559343318e-01 3.520555878686461027e-01
8.076546111874439715e-01 3.752098156771985771e-01 3.891545622763082912e-01 8.660565165903918450e-01 8.961437235735059126e-02
7.147172423540192332e-01 3.438902013137840052e-01 3.353526517623849346e-01 5.872423174714453964e-01 2.148943284368028950e-01
9.961285700175521729e-01 5.495452301424350594e-01 7.061196734925310192e-01 8.604227076450973177e-01 3.256285909981125881e-01
4.206535829867803500e-01 8.514091539876492698e-01 1.659997347597534922e-01 8.785954247908157599e-01 8.775547585319480870e-01
8.838376571533357318e-01 6.250061861754347969e-01 2.131164875609339315e-01 1.691823187657074401e-01 5.024805912310614797e-01
1.285855372113824391e-01 1.054990299142355425e-01 3.527564790248678417e-01 3.205868104678248898e-01 9.075258640558715451e-01
3.376655489143478572e-01 3.282691118579047496e-01 1.863318648252769716e-01 1.167201719172574759e-01 5.389895478774021642e-01
6.128366129240678806e-01 9.606753408651834691e-01 1.276770795031468841e-01 8.568302715490089261e-01 5.171566645760873326e-01
9.114271543970011713e-01 9.214785346560305790e-02 5.392484215443926754e-01 1.319378227147056659e-01 1.444703145917387577e-01
7.280306400156275615e-01 1.227305099339296435e-01 7.139680551891053328e-01 1.607866455033766240e-01 3.325871842418166580e-01
8.898676235441926874e-01 3.050838569443159454e-01 5.197399999375107438e-01 2.129008808490732152e-01 1.605887925816508188e-01
2.705489840326685824e-01 4.639113729946540143e-01 3.098805503979340514e-01 8.692930892608171645e-01 7.769692449065854767e-01
5.713729223841068627e-01 8.427451410854103209e-03 7.289003049585238703e-01 5.550537458059954243e-01 4.914716553609783656e-01
2.483172961520313526e-01 8.629812892834152205e-01 7.392148740975718058e-01 9.342716828473356383e-01 4.554270842999640356e-01
7.184614958221823278e-01 7.224403785396560362e-02 1.062873948921082556e-01 3.310264219833397581e-01 2.468642181668747604e-01
8.681502995552774493e-01 4.812569719092756326e-01 5.999565898234441308e-01 6.081602814844593308e-01 7.892360392088484389e-01
5.931333160126458504e-01 5.223610335109896141e-01 1.395787873382559052e-02 7.368936720711329880e-01 2.997715171953582169e-01
9.098416654922845126e-01 1.338063827765950675e-01 5.105800021730138027e-01 5.242549370696566458e-01 7.711774576486891686e-01
7.050223997360378636e-01 6.949109849824893770e-01 3.663436048888955021e-01 7.949019729518322919e-01 4.367545971649733350e-01
3.943435809776210110e-01 5.424255826489995380e-01 8.209637011389538941e-01 1.450367112919274115e-01 6.251830481050283383e-01
4.694898240145600754e-01 8.035307164914887723e-01 4.061584172479282273e-02 1.961014266624189206e-01 5.980355500633609545e-01
3.685393597533445087e-01 4.766313250707393534e-01 6.154986772661023009e-01 2.889871307185152283e-01 7.425587067412128262e-01
4.658952502799300621e-01 8.315547545383782380e-01 3.901591624758473653e-01 2.301386656220507643e-01 2.191243817462450449e-01
8.367833456576756479e-02 3.370596138904857764e-02 4.589918254693158284e-01 1.644818857175267546e-01 1.577788799734922698e-01
3.730728050094267445e-01 7.844813407977475617e-01 5.441629057278332127e-01 8.758040307313162964e-01 8.497357784711183637e-01
8.688676277921170144e-01 4.069764190248063018e-01 3.509643016484742528e-01 6.419349515928186589e-01 1.506812198835018046e-01
1.865124061007287226e-01 4.633674665775706636e-01 3.627130512434001419e-01 1.057487945607396007e-01 3.086149704289540274e-01
6.305578364447732564e-01 1.193664054169903954e-01 5.301740410578115181e-01 3.584012084430531209e-01 8.894505843248625698e-01
8.749459873085074779e-01 8.044239696188176802e-01 1.740916570382887718e-01 2.519695973118285526e-01 3.616522852090006124e-01
6.784109865334683187e-01 1.337651786789714192e-01 7.946128646941725826e-01 3.058614499326975933e-01 3.318265166227554186e-01
5.601788994965727353e-01 4.079855046623634962e-01 5.368786866974371019e-01 5.896749374379417485e-02 1.955598345522772119e-01
7.748756658326279023e-01 9.684818085681290434e-02 8.213678035832735480e-01 4.143254078370514071e-01 1.676966765580533147e-01
5.875870641489966406e-01 3.724218148109922355e-01 4.640812318076457110e-01 4.929779012878263700e-01 7.553203563190258318e-02
1.534494176701355350e-01 5.686139349498643414e-01 5.616096147149749473e-01 8.538092451003099770e-01 9.172409929116637217e-01
2.919975464257725806e-01 1.835678693769726699e-02 3.662809698245328427e-02 1.766386558417654129e-01 5.214035701668762179e-02
1.321919463542764461e-03 2.028181237823423189e-01 9.203348966208561022e-01 2.831057348337258084e-01 6.433131401300519192e-01
2.456627459145258596e-01 7.624406339555774847e-01 1.530789872813123065e-01 5.850482646869923364e-01 3.253318890918309725e-01
5.813261721938673965e-01 7.848009419316279711e-01 1.564737622787127913e-01 2.022129955635538767e-01 9.929862885359138636e-01
6.269992424945713960e-02 9.652856869626824654e-02 3.332166784681331873e-01 9.609566386312662356e-02 5.473960888607903863e-01
5.926244844615762286e-01 5.542826670825915514e-01 7.107955937588471551e-01 2.574512298261349974e-01 1.200220948520719366e-01
1.499123316148202045e-01 3.779720930551648816e-01 8.761036642895374538e-01 4.700888822046366267e-01 5.129191107540349570e-01
8.778780846582486808e-01 4.904559330687211505e-01 1.046596440055536092e-02 3.122520804689188356e-01 3.376912030468764980e-01
2.171205106864039225e-01 6.395556472317206476e-01 5.135754237919993859e-01 9.360152666391612364e-01 7.891711260535755335e-01
8.383239041471383102e-01 8.030012836898879902e-01 5.662531705307252139e-01 6.836355662572225489e-01 8.384345196203407680e-01
4.775952028604120159e-01 2.997376450541529014e-01 3.413610654791168209e-01 5.380175908484567948e-01 8.102070360177566766e-01
4.381780627189855171e-01 3.261343072725968462e-01 4.730829051727114543e-01 9.792479508796110288e-01 5.763933065636082098e-01
8.459833168148298554e-01 9.422980140070877919e-01 3.429472126288380940e-01 4.246761256551144781e-01 1.366019672796714435e-01
3.160314854308885479e-01 6.035516442314305952e-01 9.659597054668180860e-01 9.815996558298142327e-01 7.636240596327251717e-01
6.375927503776602778e-01 5.806556444175993148e-01 5.315080187912799570e-01 2.245685135683783695e-01 8.990863407593630008e-01
2.082215663514475068e-02 8.488894042198958934e-01 7.818714594497307990e-01 9.656966362785077695e-01 1.102001108246510874e-01
5.494327724262826340e-02 1.085599320387076183e-02 1.812408600383174084e-01 4.413915408186996903e-01 5.156908036782059668e-02
2.032351303544276400e-01 2.740933206303385328e-01 6.864521268266480236e-01 8.776496331822404295e-01 2.901081682564961017e-01
1.458472970076366559e-01 5.801892440530588280e-01 8.965257646685845794e-01 6.493281541323177031e-01 5.832404699474116327e-01
3.667070992686981556e-01 7.345729310227694375e-01 3.781050935314066441e-01 4.758724252616098882e-01 2.660244056528016099e-01
7.723113631897987608e-01 5.395452952551849091e-02 4.891118086591548231e-01 3.445283517129593687e-02 5.638783678039506198e-01
8.217680551400261546e-01 4.074047395994317977e-01 7.608624916764608059e-01 2.510818020797884742e-01 6.235538658008149548e-01
9.340504329975500841e-01 9.528587196594168196e-01 6.330480947346270870e-01 2.947556011334407922e-01 5.882816225259851484e-01
4.383534052984352503e-01 3.592618021483852120e-01 2.034853157431195658e-01 2.737634461450932921e-01 2.256640347965018778e-01
7.970385049719447279e-01 3.031979604627546010e-01 3.997982965927283638e-01 4.909576306195819750e-01 4.915735401987226805e-01
1.741560121409879702e-01 3.903083151644992643e-02 9.429706518330742693e-01 7.106978554018481553e-01 4.441397478172339763e-01
2.321545666276846331e-01 5.820825954172200722e-01 1.727072837300981378e-01 6.785757458459531488e-01 5.268474018253839208e-01
3.346858934263499119e-01 5.412352287030172127e-01 5.025343479942315783e-01 2.609816431401357217e-01 8.426555484524077544e-01
5.837979640413720750e-01 5.517700968039129794e-01 8.685235232976349362e-01 7.756360645673299192e-01 3.111273723330323371e-01
1.785518411991240395e-01 3.766868625565520379e-01 6.502025897477151650e-01 4.064087752374537788e-01 2.172238682994604986e-01
2.982048443000738791e-01 5.528863256092428902e-01 7.247005810397676440e-01 2.044728191154240315e-01 3.262680448633583641e-01
9.289637435907326379e-01 9.263097750037442291e-01 3.410760880736596334e-01 1.359338998545367438e-02 4.640905077231882725e-02
3.654443850552122619e-01 9.805421497292925448e-01 8.809680768266194839e-01 1.564449912280941879e-01 8.370106292768765277e-01
3.198767858443697376e-01 4.775358409819911998e-01 5.267982815764815641e-02 9.093828443687452801e-01 1.254438023209688557e-01
4.572956179232724461e-01 1.122555515664658277e-01 4.484935748514075060e-01 8.186676638841594578e-01 2.068237946633736390e-01
4.343798812358907746e-01 5.739391106905852302e-01 4.054021388757548250e-01 9.212566316480486073e-02 2.587484465598675065e-01
3.104690187621974573e-01 3.383456008537920612e-01 8.360330766923920187e-01 3.670661468773077640e-01 5.197772642627288553e-01
4.835665365466518262e-01 1.430944413242045687e-01 4.032542902391185180e-01 6.198007319825380446e-01 1.948263341907716661e-01
2.713525610780150865e-01 6.025521762539898241e-01 8.648607241013438474e-01 6.799883318177268876e-02 1.122495600127358939e-01
5.827106595825239932e-01 9.344844861852724671e-01 7.805306566808757340e-01 7.887855739192128901e-02 3.340302250961925123e-01
5.278869430598800427e-01 1.960116237460794997e-01 1.156524406086588685e-01 7.091183161745362451e-01 3.919270411004602828e-01
6.838775307795725844e-01 1.038020980770633095e-01 2.324974202217945374e-01 3.849743106242473623e-01 8.912163876900781601e-01
9.941930407559758098e-01 9.237195197011995873e-01 2.912126723747914259e-01 6.166406982069841947e-01 3.133882671650891627e-01
3.194593596919439449e-01 9.828755962305892879e-01 3.941458685263660167e-01 6.984228037765126684e-01 2.883871871189359615e-01
2.335344912296666298e-02 5.505995231555762537e-01 6.786314983762744557e-01 7.986254761933865298e-01 1.081996967188116887e-01
1.407123896652606732e-02 2.153517511370829363e-01 5.655999308176478113e-01 2.848989300475698316e-01 8.133417581379029926e-01
3.264059993791745828e-01 6.079662922292441429e-01 9.910127599921247921e-01 1.010032845913603206e-01 5.173229004664304798e-01
1.467400463620489592e-01 9.342053941170234133e-01 9.878030456269689674e-01 9.611390338956550261e-01 7.074783928778944908e-01
1.458521581510675569e-01 7.613866806201146087e-01 7.959105751710660037e-03 3.314563657080960013e-02 7.173610855440257783e-01
7.173256036454147555e-01 3.915018528854082858e-01 3.731235775568197965e-02 7.438886116631476808e-01 6.784503337256908573e-02
8.680064634521860167e-01 2.610774637603916482e-01 5.856048748418363203e-01 9.776900324248566365e-01 8.933098638629511923e-01
3.064179234090514958e-01 2.433828229408506738e-01 9.394489485655914685e-01 1.174240232662920880e-01 2.197878752183346496e-02
6.346157806232600729e-01 5.149580102318146446e-01 3.924664100886532392e-01 1.678342684229074955e-01 6.560794657611953573e-01
5.192279034918957370e-01 3.460366043745083386e-01 8.885464814210864981e-01 2.210161249804459827e-01 9.776873265780962052e-01
2.631462029309894479e-01 2.765567326220041977e-01 8.099639766173845068e-01 4.403396057946834530e-01 6.237360740312100083e-01
1.594079466483494523e-01 5.252297308485086580e-01 2.433948969542051310e-01 8.664984008293228346e-01 4.530246476327787208e-01
4.700495411920441180e-01 4.418839042332937117e-01 6.085594785095636006e-01 7.993808119898885289e-01 9.755370402959464560e-01
2.289622694523365531e-01 3.378828223653276286e-01 7.341706848545458408e-01 3.835067341857498757e-01 3.896016610136366909e-01
1.109141595176186268e-01 4.126581820182484428e-02 8.722544413384744066e-01 4.673902752042217168e-01 8.969843478135741677e-02
9.558211230017684690e-01 9.200241460691416240e-01 5.874609830416419598e-01 8.618630551999955092e-01 9.373000728965896755e-01
1.444999250536844748e-01 8.450123516315566352e-02 5.588306071004039977e-01 4.333156758998146785e-03 3.571627741090023234e-01
8.752867595446170990e-01 4.433884938628304129e-01 9.854906606768901733e-01 1.139587694852173261e-02 1.395190857840040710e-01
2.962043948569936802e-01 2.865919828055063512e-01 5.609019543068249902e-01 9.231055486686454703e-01 6.762623488119007265e-01
8.450939549178799748e-01 2.163321163794996727e-01 8.472657395056368834e-01 2.881475632810708287e-01 9.168325387753067934e-01
2.012621861016254954e-01 3.334438145917195673e-01 9.607740737637279205e-01 2.893464291295512192e-01 5.676662630689178757e-01
9.029496771513779718e-01 2.190933542352098140e-01 8.913252577680763622e-01 9.473407071214212660e-02 4.197163795558755961e-02
7.212147358722715840e-01 4.998671840844280956e-01 6.948614748307530009e-01 8.033636414888861710e-01 1.483341206476084251e-01
