7.866314115500000481e-01
7.174249768399999505e-01
8.226593215899999922e-01
7.068764971300000033e-01
5.363202064200000008e-01
7.770131658000000163e-01
5.694155859899999728e-01
4.283827585500000201e-01
4.498958074100000148e-01
8.309432107299999926e-01
8.418031276499999827e-01
8.555210094799999831e-01
8.460440345699999920e-01
7.545971150400000438e-01
8.717667632400000199e-01
8.260314229299999811e-01
7.580151654300000263e-01
6.093648003699999594e-01
7.600280752300000442e-01
7.810000325999999493e-01
8.387385125899999849e-01
7.921161335199999876e-01
7.730154179799999525e-01
7.043775180000000358e-01
8.709233799500000206e-01
8.863210083900000535e-01
7.927929676599999587e-01
7.607074197800000048e-01
8.198140602500000318e-01
7.633900585699999741e-01
6.297835808499999688e-01
7.250028701299999767e-01
7.458987292200000008e-01
7.838663865699999622e-01
7.466065657499999508e-01
7.867108750600000366e-01
8.911295448999999591e-01
8.124450755600000074e-01
8.564263903600000116e-01
7.908765506699999559e-01
8.601607746499999596e-01
6.599523784299999862e-01
5.369207667099999970e-01
9.073021827299999620e-01
4.605715418299999864e-01
5.619093651200000039e-01
7.698195503500000481e-01
7.535523112999999995e-01
8.362591020199999781e-01
7.853193621499999777e-01
6.508101549600000535e-01
8.066378493100000435e-01
8.657208388099999485e-01
7.192158587100000444e-01
5.411979503299999550e-01
7.538986825200000297e-01
5.862531135899999857e-01
8.507907776399999955e-01
7.406642884599999865e-01
8.195442254899999446e-01
8.952374798500000175e-01
7.120757010699999556e-01
8.035844531300000426e-01
8.354905513000000505e-01
7.556666472099999865e-01
8.379463500199999526e-01
7.829312491400000074e-01
6.194614345000000188e-01
7.738620368699999919e-01
7.461483315100000402e-01
7.755029023499999674e-01
7.673318300900000555e-01
8.811152443899999964e-01
8.473696168200000045e-01
7.355182435799999530e-01
7.935311853800000037e-01
7.194814879399999974e-01
7.756931003400000524e-01
5.570952507899999961e-01
8.465355587099999690e-01
6.212800744900000005e-01
6.145626295099999581e-01
8.053536499200000254e-01
7.259157840500000125e-01
9.178576969299999666e-01
8.847930920400000065e-01
8.822793809700000267e-01
8.269086866799999491e-01
8.544235098300000386e-01
7.734775762300000190e-01
8.208395726999999642e-01
8.110260171900000037e-01
7.959478833499999961e-01
9.008499493299999550e-01
6.021473800300000123e-01
7.868939795199999532e-01
8.617894368899999824e-01
8.708903583899999523e-01
8.727526727100000103e-01
6.586474330299999513e-01
5.333369749399999860e-01
5.780430705100000344e-01
8.456559172299999982e-01
8.385852157400000007e-01
8.206459424099999955e-01
7.884694322099999875e-01
8.379892638100000513e-01
6.958280610399999455e-01
8.516914447000000221e-01
8.916511171100000022e-01
7.649454101199999467e-01
8.758952847800000052e-01
8.321690791800000486e-01
7.804771435699999760e-01
8.558253458300000283e-01
6.659418288899999760e-01
8.166249540500000181e-01
6.834025116499999886e-01
6.994671703599999457e-01
7.898314508899999531e-01
7.629015993200000123e-01
7.522572587800000488e-01
8.973227616500000225e-01
8.881842770000000220e-01
6.293495278399999782e-01
9.656810852999999639e-01
4.869846817299999797e-01
6.415119469600000235e-01
7.140135643699999646e-01
7.524096686500000297e-01
7.925848972200000286e-01
7.926282016400000296e-01
7.922423538399999687e-01
6.624820585899999781e-01
8.449293370499999511e-01
8.401503826499999716e-01
7.848717194900000083e-01
4.124880115899999811e-01
8.147704685300000138e-01
6.122914482200000341e-01
7.745949245300000063e-01
7.086745087900000462e-01
7.216934021199999938e-01
7.582460439599999491e-01
5.933565198500000415e-01
7.021479040500000490e-01
8.497812355899999615e-01
7.680130581999999873e-01
8.473983025500000377e-01
6.643113746000000042e-01
8.185405127699999506e-01
8.394829055800000495e-01
8.344545666599999523e-01
7.636778762999999470e-01
7.666136218600000385e-01
7.626716038399999897e-01
7.876647064199999715e-01
8.685127612299999855e-01
6.929941143300000217e-01
8.093143966700000469e-01
8.989089539300000320e-01
8.317021233200000419e-01
8.055625732300000230e-01
4.981868848400000105e-01
7.730213046099999596e-01
7.625115291899999814e-01
7.867865396700000069e-01
7.693270226699999714e-01
7.577992620600000340e-01
7.546868076899999611e-01
4.921069693199999762e-01
7.885505435799999852e-01
6.953196977700000225e-01
8.974815394999999807e-01
8.435931980199999902e-01
7.682264964699999643e-01
6.902366946500000378e-01
8.980517291999999818e-01
6.814343645099999458e-01
8.129073145899999853e-01
7.414447169100000234e-01
8.202099669900000389e-01
7.466863695700000081e-01
6.942748307099999572e-01
8.373331239100000323e-01
5.616007806899999677e-01
7.126733929899999875e-01
8.532695905199999542e-01
6.589862445699999904e-01
8.161820515100000062e-01
7.880135738100000342e-01
7.713840838800000155e-01
7.958121748399999973e-01
6.831110073299999641e-01
6.950635007800000098e-01
6.912886761099999999e-01
9.217045891999999796e-01
7.623267514799999534e-01
5.744976548900000424e-01
7.740030144799999734e-01
6.717846001099999631e-01
8.130454722600000128e-01
8.229924831899999571e-01
8.991420303999999586e-01
8.658867215500000158e-01
8.036342440100000539e-01
7.973680954299999790e-01
7.744714883300000130e-01
7.584016108100000153e-01
9.100899016100000294e-01
6.825434662699999544e-01
8.194563656000000140e-01
8.727103181599999981e-01
7.216067933399999967e-01
8.986961306499999802e-01
8.243099087599999875e-01
7.984079843800000464e-01
7.806466626900000483e-01
5.691310852700000034e-01
7.132564579500000335e-01
7.232149783300000356e-01
7.876485617299999742e-01
7.705995156999999596e-01
8.798417226500000465e-01
7.639212265400000534e-01
7.930089561499999995e-01
6.603529183499999844e-01
7.755796864999999762e-01
8.374908215999999905e-01
8.544536207199999733e-01
7.993728125900000370e-01
8.003723797999999778e-01
7.864669746900000424e-01
7.750101584399999854e-01
8.695226874899999459e-01
6.247089964199999956e-01
7.866584783400000225e-01
7.763858249099999664e-01
8.710666920099999766e-01
7.638577268699999756e-01
8.663109240899999897e-01
8.516290294299999619e-01
8.184606423100000416e-01
8.343582701099999666e-01
7.489859914399999985e-01
7.432043992600000371e-01
7.476966673399999541e-01
9.128199179099999450e-01
7.775090059200000514e-01
8.450048215600000079e-01
7.318002098700000513e-01
8.579163929299999936e-01
8.903162895499999729e-01
7.385269326300000214e-01
8.966149573599999645e-01
7.994850469299999984e-01
7.812556502799999913e-01
6.899770668100000393e-01
7.927246931000000441e-01
8.876882400200000189e-01
5.077829729199999642e-01
8.457718186799999538e-01
6.424866351700000422e-01
9.088558360199999742e-01
8.453109944000000153e-01
8.397643748999999991e-01
8.120931420000000456e-01
8.286458131199999633e-01
4.795763316100000173e-01
6.509093656500000158e-01
7.751677421399999490e-01
8.606355617199999974e-01
7.983783478399999467e-01
8.830351110799999903e-01
8.490883190900000432e-01
8.835693977099999818e-01
8.759837361900000285e-01
8.431529840899999462e-01
7.668140870099999784e-01
6.613999087199999849e-01
8.014178552799999800e-01
7.801614670900000048e-01
6.815270497700000041e-01
5.427162592199999969e-01
8.549479487600000205e-01
5.673212631399999761e-01
7.664454558200000100e-01
4.802683350399999940e-01
7.872040990199999921e-01
7.853625771100000152e-01
6.179772710900000021e-01
6.565213656399999653e-01
7.520394612999999895e-01
7.889242651200000234e-01
8.442531572700000542e-01
3.898193463799999869e-01
5.281552406299999669e-01
7.451811389800000462e-01
8.407501593799999728e-01
8.812494076700000400e-01
8.211319526600000529e-01
4.132246926600000037e-01
8.010571531000000300e-01
9.011139431900000440e-01
8.189930637300000260e-01
6.372926390900000015e-01
4.689433389700000121e-01
6.188167552000000127e-01
6.491726504899999473e-01
7.847080925299999565e-01
8.466748651300000095e-01
8.260990431600000461e-01
8.934624188599999961e-01
9.073714114399999975e-01
8.196312418000000211e-01
8.557249578100000198e-01
6.900835323999999771e-01
8.888969585299999476e-01
8.417716405099999744e-01
7.583150861999999881e-01
7.591561830999999927e-01
8.461872457200000364e-01
4.779748086699999732e-01
7.919614292100000119e-01
5.707695782899999681e-01
8.149152661899999872e-01
7.998676135700000245e-01
7.698576755599999544e-01
7.583587285799999744e-01
8.614584260500000035e-01
6.054767157599999505e-01
5.344705463600000206e-01
7.396942455099999592e-01
7.896098713200000452e-01
7.707767562099999692e-01
8.115589976799999494e-01
7.909007335300000108e-01
7.385767142200000412e-01
4.980509114500000223e-01
7.605218179599999573e-01
8.278172796799999622e-01
9.191695910199999542e-01
8.706656870300000239e-01
8.740263407399999629e-01
7.272015018699999889e-01
7.476471644600000133e-01
8.259542590499999726e-01
8.924456686499999680e-01
6.922854644300000526e-01
8.652987291399999448e-01
7.920105530900000135e-01
6.860842501799999660e-01
5.912448293299999991e-01
5.929256735500000319e-01
7.969103813900000333e-01
8.855158146199999525e-01
7.590933693100000434e-01
7.597648468700000102e-01
8.716203892799999631e-01
7.982399389100000020e-01
8.037872968799999462e-01
6.502598565299999578e-01
6.291520962100000114e-01
6.601888847200000354e-01
8.775111089999999558e-01
7.968971886600000332e-01
3.562069087199999928e-01
7.145721837199999760e-01
9.024572477500000245e-01
8.375585850700000279e-01
8.128634217700000386e-01
7.346075750799999637e-01
8.323615751899999804e-01
7.989638192600000410e-01
7.336829680599999959e-01
8.533659479699999828e-01
6.355613285500000265e-01
7.559805198600000331e-01
8.879636141600000254e-01
7.598537909900000553e-01
8.989012479100000341e-01
6.292925709300000170e-01
6.540156319400000084e-01
5.638345960899999731e-01
8.501283446799999810e-01
7.730296854099999448e-01
7.238906892900000001e-01
6.743893886499999768e-01
8.498073098799999725e-01
7.889562251499999679e-01
8.244697737599999687e-01
8.657476944499999938e-01
8.841485630600000034e-01
7.305280468999999499e-01
8.508577964500000368e-01
8.761478704199999745e-01
7.524613564900000107e-01
6.919972545300000499e-01
6.472547148299999664e-01
7.757441236300000043e-01
8.705005695199999893e-01
7.630055195099999521e-01
8.351089250400000052e-01
5.004304561300000342e-01
5.188682557599999523e-01
8.384520392600000038e-01
8.603623917899999585e-01
7.995256554599999843e-01
7.255718985500000384e-01
7.465288419700000233e-01
7.998450836899999583e-01
7.778731509399999799e-01
6.982771481099999678e-01
8.872682831000000547e-01
7.967431396499999874e-01
8.266339026500000298e-01
6.352112418699999985e-01
6.058615222100000031e-01
7.557204357900000335e-01
9.134555986100000302e-01
8.020634291499999513e-01
8.030561418499999604e-01
6.967350811900000496e-01
7.657369060299999974e-01
7.528917485699999634e-01
6.827668722899999931e-01
7.312428318500000524e-01
8.006603804499999866e-01
7.560688408900000379e-01
6.662348286100000516e-01
5.144785773900000247e-01
7.529955316699999956e-01
7.890097870600000229e-01
7.918587707899999995e-01
8.935128562599999880e-01
8.579254719400000173e-01
8.131310789400000294e-01
8.599153046299999881e-01
8.984881325800000429e-01
5.616609719599999773e-01
6.455132828599999817e-01
8.782552470700000224e-01
6.061510797300000419e-01
7.601594887499999453e-01
6.613541866200000063e-01
6.615011105400000480e-01
8.484120659099999573e-01
7.110157732699999844e-01
7.914506138700000415e-01
8.562393405699999516e-01
8.576437979400000078e-01
8.236643736900000068e-01
5.730456744499999866e-01
8.457556921400000149e-01
7.979744145499999552e-01
7.306039469299999700e-01
7.125140735499999600e-01
7.293158320599999467e-01
6.080914746800000215e-01
8.305337917499999723e-01
7.620591223999999553e-01
8.891741478000000365e-01
8.579390713600000273e-01
7.610192525900000282e-01
8.979623637500000477e-01
7.147927074700000105e-01
8.400049443899999524e-01
6.782090235600000128e-01
5.304211922199999485e-01
6.479865334600000137e-01
6.774036409200000497e-01
6.510588922800000233e-01
6.347308574600000197e-01
9.020769400100000501e-01
7.438445805900000263e-01
8.537399333299999782e-01
8.699200411499999896e-01
7.954905883699999736e-01
8.343765800400000376e-01
5.061726487900000127e-01
7.922430528299999608e-01
6.698787308000000440e-01
8.122660272299999651e-01
8.402308072099999858e-01
6.364715216399999820e-01
7.342787767399999721e-01
8.359939688399999902e-01
8.277541795199999664e-01
7.941059789200000107e-01
8.939180003200000169e-01
8.791310002500000165e-01
6.554469193599999910e-01
8.601293199899999742e-01
8.280764056599999590e-01
8.226800767899999922e-01
8.461860928300000140e-01
6.881352456999999534e-01
7.858150351599999528e-01
8.803760817400000382e-01
8.067151208099999637e-01
8.128387925600000230e-01
8.499874604499999542e-01
7.892979134700000010e-01
8.637358260399999876e-01
7.573528247399999858e-01
7.111685658399999888e-01
8.280213421200000035e-01
6.450379646199999595e-01
6.266814831200000491e-01
8.753497940600000193e-01
7.888427180599999478e-01
6.637474676100000304e-01
7.741097490099999590e-01
7.354392703800000097e-01
6.720816365199999698e-01
8.239225880199999574e-01
7.898928860999999690e-01
7.581440654200000129e-01
7.827713608599999873e-01
6.862789289799999803e-01
7.721884884099999846e-01
8.612238589299999747e-01
6.671659814799999477e-01
7.871553186799999935e-01
7.043105083899999785e-01
8.639882343400000497e-01
8.388597168200000453e-01
5.951659082500000419e-01
7.887476808400000206e-01
6.168079706200000345e-01
7.358089280599999782e-01
8.822742080900000117e-01
8.174045124900000125e-01
6.836322776600000095e-01
8.559674251000000123e-01
6.487454433199999482e-01
5.805229834199999717e-01
7.606048108999999835e-01
8.074990637100000201e-01
8.215349002099999742e-01
7.644995662200000375e-01
8.291458691199999897e-01
6.653369459100000327e-01
6.888023517500000414e-01
8.380150818599999551e-01
8.308701655500000394e-01
7.376809702100000088e-01
8.379681969800000241e-01
7.355573219800000118e-01
8.554113421200000289e-01
5.105614100099999941e-01
8.316374881000000441e-01
8.924710341299999516e-01
8.391717917200000043e-01
8.561437467500000453e-01
9.288904644100000052e-01
8.776848100699999877e-01
6.754948362299999509e-01
8.034624112699999543e-01
8.691149150000000434e-01
6.412613898100000265e-01
8.920706842300000217e-01
7.908719255499999656e-01
6.657809097400000375e-01
8.404340261099999543e-01
8.544440881499999474e-01
8.679266873400000026e-01
7.623971483100000501e-01
8.826830937999999849e-01
7.903659432699999821e-01
7.807603094799999699e-01
7.567672600699999474e-01
6.610084854300000146e-01
8.173029014099999490e-01
8.654265688300000203e-01
8.666860900299999670e-01
7.988247645299999533e-01
6.729719603399999528e-01
7.949442635600000306e-01
8.246198518699999758e-01
6.941544801000000264e-01
8.106415698800000236e-01
8.076977327100000048e-01
7.553750230300000368e-01
6.536789701499999827e-01
8.013521786099999655e-01
7.698915722100000414e-01
8.093774512700000479e-01
8.468343538200000520e-01
8.525800191700000363e-01
7.030945646599999765e-01
7.594241918399999847e-01
8.552801892200000422e-01
6.262870860300000508e-01
8.633069928900000134e-01
8.792751214299999729e-01
8.129028016899999542e-01
8.492952812599999790e-01
9.091282316200000047e-01
8.025076555900000352e-01
8.435697966399999803e-01
5.393511372699999473e-01
8.745671873300000509e-01
7.733176862399999685e-01
7.331210300099999522e-01
8.207351951000000367e-01
7.516609423000000234e-01
7.683312128000000518e-01
6.502971459399999876e-01
7.050031238299999670e-01
5.105809914600000221e-01
9.354610301800000416e-01
8.493947517400000091e-01
7.907698722699999516e-01
7.942209840099999640e-01
8.264772947699999817e-01
7.825640374500000274e-01
7.713587240799999467e-01
8.413269081399999960e-01
7.884774990899999780e-01
6.349879606999999648e-01
8.221084027899999702e-01
8.098585597899999877e-01
7.731222363399999908e-01
7.929683772200000202e-01
7.523449516000000337e-01
8.636498363200000306e-01
7.582530130400000346e-01
7.908596617099999948e-01
8.866366832800000042e-01
7.934154887600000094e-01
7.840482199699999599e-01
7.683614510299999756e-01
7.820199315900000503e-01
7.892021264899999888e-01
7.747756945199999468e-01
7.740103368999999844e-01
8.992900271899999520e-01
8.260086040699999854e-01
7.691542626299999741e-01
7.522091002899999879e-01
7.418372570100000285e-01
8.076704381100000552e-01
6.857531253199999899e-01
8.218251688600000104e-01
7.680613115600000151e-01
8.838753006699999748e-01
5.966154414800000083e-01
7.548173319300000017e-01
4.742934484699999897e-01
7.295241546599999793e-01
7.339123775000000460e-01
7.707015591200000459e-01
8.661200821500000258e-01
8.861209791599999885e-01
6.930875780399999853e-01
6.581736455200000169e-01
6.648330234899999525e-01
8.756848744599999845e-01
7.495197103499999791e-01
4.137461018599999929e-01
6.079790644600000515e-01
8.634919022200000516e-01
8.396163137100000062e-01
7.059114791999999694e-01
8.515586728099999725e-01
7.019555187699999532e-01
8.434852949000000155e-01
8.963553387399999517e-01
8.809102208400000356e-01
8.605127302999999728e-01
7.919716851900000520e-01
8.235318395199999753e-01
8.139423981500000238e-01
7.347553467999999866e-01
7.189927589200000302e-01
7.649504099199999629e-01
9.128882055600000545e-01
8.453949007500000112e-01
8.411117387400000034e-01
8.142975956600000398e-01
8.709109368999999878e-01
8.884792024300000035e-01
8.040393995500000335e-01
8.047627417199999522e-01
6.150067174300000161e-01
8.210522398899999796e-01
7.964614033100000379e-01
7.672994413500000555e-01
7.924983072800000361e-01
6.696719173099999756e-01
9.056253315600000242e-01
8.263734447599999644e-01
8.208281420599999878e-01
8.821899434500000137e-01
9.092221624299999805e-01
4.412811214899999834e-01
4.920969892300000037e-01
8.740413174000000174e-01
9.043359971000000108e-01
6.837555650400000129e-01
7.858774332700000365e-01
7.045912108999999868e-01
8.032690482700000079e-01
5.941885826199999610e-01
7.527581156299999465e-01
5.598122726699999996e-01
6.216413839500000149e-01
8.047095461100000069e-01
7.580904863799999838e-01
8.432508946300000252e-01
8.178767868199999791e-01
8.038134733599999748e-01
7.240914256799999560e-01
8.330908522600000143e-01
8.434490895899999785e-01
7.167183926400000349e-01
6.618289427200000352e-01
7.033666653300000293e-01
7.639206455500000548e-01
8.612153262199999659e-01
4.854344769899999745e-01
6.612713668999999905e-01
8.884271469400000232e-01
6.828536001299999603e-01
8.549812794700000218e-01
8.323231641999999653e-01
7.250446170800000090e-01
8.822658042300000059e-01
8.599798587400000471e-01
8.753992977400000264e-01
7.201506642699999627e-01
7.450970418400000295e-01
7.200755733000000491e-01
8.215967647599999868e-01
8.721702380800000487e-01
7.565092975099999562e-01
7.930077791899999839e-01
8.084846744200000490e-01
7.771045686099999905e-01
7.690490864800000326e-01
7.861869368499999622e-01
7.879899803900000110e-01
7.593546364900000123e-01
6.999167901699999694e-01
7.996097143799999474e-01
6.408603479400000191e-01
8.566643649299999774e-01
7.977182454400000289e-01
8.985356411699999546e-01
7.658301283699999740e-01
8.699206097299999607e-01
8.464985468200000307e-01
4.904165945499999735e-01
5.982054332299999722e-01
7.891558842300000487e-01
8.253671832500000249e-01
8.699178625100000284e-01
8.557191168800000192e-01
8.150366738300000025e-01
8.515107507300000433e-01
8.823827510899999726e-01
8.284950280399999700e-01
7.592598174700000424e-01
7.866997313300000405e-01
5.922064796199999481e-01
7.899658135399999503e-01
8.228024069799999562e-01
